100,170003,1,0
100,170001,2,0
100,118007,3,0
100,118012,4,0
100,170016,5,0
100,170017,6,0
100,170018,7,0
100,170019,8,0
100,170020,9,0
100,170022,10,0
100,170023,11,0
100,170024,12,0
100,170025,13,0
100,170026,14,0
100,118018,15,0
100,170027,16,0
100,170028,17,0
100,170029,18,0
100,170030,19,0
100,170031,20,0
100,170329,21,0
100,170032,22,0
100,170033,23,0
100,170034,24,0
100,170035,25,0
100,170036,26,0
100,170037,27,0
100,170038,28,0
100,170039,29,0
100,170041,30,0
100,170042,31,0
100,170043,32,0
100,170044,33,0
100,170045,34,0
100,170046,35,0
100,170047,36,0
100,170153,37,0
100,170048,38,0
100,170049,39,0
100,170050,40,0
100,170051,41,0
100,170052,42,0
100,170053,43,0
100,170054,44,0
100,170055,45,0
100,170056,46,0
100,170057,47,0
100,170058,48,0
100,170059,49,0
100,170060,50,0
100,170062,51,0
100,170063,52,0
100,170064,53,0
100,170319,54,0
100,170065,55,0
100,170066,56,0
100,170068,57,0
100,170070,58,0
100,170071,59,0
100,170072,60,0
100,170073,61,0
100,170074,62,0
100,170075,63,0
100,170325,64,0
100,170077,65,0
100,170078,66,0
100,170326,67,0
100,170080,68,0
100,170082,69,0
100,170115,70,0
100,170083,71,0
100,170084,72,0
100,170323,73,0
100,118013,74,0
100,170324,75,0
100,170089,76,0
100,170090,77,0
100,170091,78,0
100,170092,79,0
100,170094,80,0
100,170095,81,0
100,170096,82,0
100,170097,83,0
100,170098,84,0
100,170099,85,0
100,118014,86,0
100,170100,87,0
100,170101,88,1
101,170101,1,0
101,170102,2,0
101,170103,3,0
101,170104,4,0
101,170105,5,0
101,170106,6,0
101,170107,7,0
101,170108,8,0
101,170109,9,0
101,170110,10,0
101,170111,11,0
101,170112,12,0
101,170113,13,0
101,170114,14,0
101,170077,15,0
101,170078,16,0
101,170326,17,0
101,170080,18,0
101,170082,19,0
101,170115,20,0
101,170083,21,0
101,170084,22,0
101,170323,23,0
101,118013,24,0
101,170324,25,0
101,170089,26,0
101,170117,27,0
101,170118,28,0
101,170119,29,0
101,170131,30,0
101,170321,31,0
101,170132,32,0
101,170134,33,0
101,170135,34,0
101,170136,35,0
101,170137,36,0
101,170138,37,0
101,170139,38,0
101,170140,39,0
101,170142,40,0
101,170144,41,0
101,170145,42,0
101,118019,43,0
101,170147,44,0
101,170148,45,0
101,170149,46,0
101,170151,47,0
101,170327,48,0
101,170152,49,0
101,170328,50,0
101,170154,51,0
101,170155,52,0
101,170156,53,0
101,170157,54,0
101,170158,55,0
101,170159,56,0
101,170160,57,0
101,170040,58,0
101,170162,59,0
101,170163,60,0
101,170164,61,0
101,170165,62,0
101,170166,63,0
101,170167,64,0
101,170168,65,0
101,170169,66,0
101,170170,67,0
101,170171,68,0
101,170172,69,0
101,170174,70,0
101,170175,71,0
101,170176,72,0
101,118018,73,0
101,170177,74,0
101,170178,75,0
101,170320,76,0
101,170180,77,0
101,170181,78,0
101,170182,79,0
101,170183,80,0
101,170185,81,0
101,170186,82,0
101,170187,83,0
101,170189,84,0
101,170330,85,0
101,118033,86,0
101,170011,87,0
101,118010,88,0
101,170003,89,1
200,170006,1,0
200,170001,2,0
200,170219,3,0
200,118024,4,0
200,118031,5,0
200,170223,6,0
200,118000,7,0
200,118001,8,0
200,118002,9,0
200,118030,10,0
200,118003,11,0
200,118004,12,0
200,170226,13,0
200,170227,14,0
200,170335,15,0
200,170228,16,0
200,170230,17,0
200,170232,18,0
200,170234,19,0
200,170236,20,0
200,170221,21,1
300,170006,1,0
300,170237,2,0
300,170238,3,0
300,170239,4,0
300,170243,5,0
300,170244,6,0
300,170245,7,0
300,170246,8,0
300,170247,9,0
300,170249,10,1
301,170249,1,0
301,118011,2,0
301,170251,3,0
301,170252,4,0
301,118017,5,0
301,170265,6,0
301,170266,7,0
301,170267,8,0
301,170268,9,0
301,170241,10,0
301,170240,11,0
301,170269,12,0
301,170331,13,0
301,170006,14,1
401,170006,1,0
401,170001,2,0
401,170219,3,0
401,170222,4,0
401,170223,5,0
401,118000,6,0
401,118001,7,0
401,118002,8,0
401,118030,9,0
401,118003,10,0
401,118004,11,0
401,170224,12,0
401,170225,13,0
401,170226,14,0
401,170227,15,0
401,170335,16,0
401,170228,17,0
401,170230,18,0
401,170278,19,0
401,170279,20,0
401,170280,21,0
401,170282,22,0
401,170283,23,0
401,170284,24,0
401,170285,25,0
401,170286,26,0
401,170287,27,0
401,170288,28,0
401,170289,29,0
401,170290,30,0
401,170291,31,0
401,170292,32,0
401,170293,33,0
401,170294,34,0
401,170295,35,0
401,170296,36,0
401,170297,37,0
401,170300,38,0
401,170301,39,0
401,170302,40,0
401,170303,41,0
401,170304,42,0
401,170305,43,0
401,170306,44,0
401,170307,45,0
401,170308,46,0
401,170999,47,0
401,170311,48,0
401,170312,49,0
401,170314,50,0
401,170315,51,0
401,170316,52,0
401,170317,53,0
401,170318,54,0
401,170232,55,0
401,170234,56,0
401,170236,57,0
401,170221,58,1
9000,170003,1,0
9000,170001,2,0
9000,118007,3,0
9000,118012,4,0
9000,170016,5,0
9000,170017,6,0
9000,170018,7,0
9000,170019,8,0
9000,170020,9,0
9000,170022,10,0
9000,170023,11,0
9000,170024,12,0
9000,170025,13,0
9000,170026,14,0
9000,170027,15,0
9000,170028,16,0
9000,170029,17,0
9000,170030,18,0
9000,170031,19,0
9000,170329,20,0
9000,170196,21,0
9000,170197,22,0
9000,170198,23,0
9000,170199,24,0
9000,170200,25,0
9000,170201,26,0
9000,170202,27,0
9000,170203,28,0
9000,170204,29,0
9000,170205,30,0
9000,170055,31,0
9000,170056,32,0
9000,170057,33,0
9000,170058,34,0
9000,170068,35,0
9000,170070,36,0
9000,170071,37,0
9000,170072,38,0
9000,170073,39,0
9000,170074,40,0
9000,170075,41,0
9000,170325,42,0
9000,170090,43,0
9000,170091,44,0
9000,170092,45,0
9000,170094,46,0
9000,170095,47,0
9000,170096,48,0
9000,170097,49,0
9000,170098,50,0
9000,170120,51,0
9000,170322,52,0
9000,170123,53,0
9000,118020,54,0
9000,118021,55,0
9000,118022,56,0
9000,118023,57,0
9000,170099,58,0
9000,118014,59,0
9000,170100,60,0
9000,170101,61,1
9001,170101,1,0
9001,170106,2,0
9001,118025,3,0
9001,118026,4,0
9001,118027,5,0
9001,118015,6,0
9001,118028,7,0
9001,118029,8,0
9001,170128,9,0
9001,118032,10,0
9001,170107,11,0
9001,170108,12,0
9001,170109,13,0
9001,170110,14,0
9001,170111,15,0
9001,170112,16,0
9001,170113,17,0
9001,170114,18,0
9001,170117,19,0
9001,170118,20,0
9001,170119,21,0
9001,170131,22,0
9001,170321,23,0
9001,170132,24,0
9001,170143,25,0
9001,170144,26,0
9001,170145,27,0
9001,118019,28,0
9001,170206,29,0
9001,170207,30,0
9001,170208,31,0
9001,170210,32,0
9001,170213,33,0
9001,170214,34,0
9001,170216,35,0
9001,170217,36,0
9001,170218,37,0
9001,170169,38,0
9001,170170,39,0
9001,170171,40,0
9001,170172,41,0
9001,170174,42,0
9001,170175,43,0
9001,170176,44,0
9001,170177,45,0
9001,170178,46,0
9001,170320,47,0
9001,170180,48,0
9001,170181,49,0
9001,170182,50,0
9001,170183,51,0
9001,170185,52,0
9001,170186,53,0
9001,170187,54,0
9001,170189,55,0
9001,170330,56,0
9001,118033,57,0
9001,170011,58,0
9001,118010,59,0
9001,170003,60,1
