'SUN2309-SUN2309-Saturday-04',100,50300,,'',0,21500,,'',0,22000,,'',0,21500,,'',0,26000,,'',0,21500,,'',0,22500,,'',0,25500,,'',0,20000,,'',0
'SUN2309-SUN2309-Saturday-04',101,71400,4,'',0,22500,4,'',0,21500,4,'',0,26000,4,'',0,21500,4,'',0,22000,4,'',0,26000,4,'',0,22000,4,'',0,20500,4,'',0
'SUN2309-SUN2309-Sunday-04',100,50300,,'',0,21500,,'',0,22000,,'',0,21500,,'',0,26000,,'',0,22000,,'',0,22000,,'',0,25500,,'',0,22500,,'',0
'SUN2309-SUN2309-Sunday-04',101,71400,4,'',0,22000,4,'',0,22000,4,'',0,26000,4,'',0,21500,4,'',0,22000,4,'',0,26000,4,'',0,22000,4,'',0,21000,4,'',0
'SUN2309-SUN2309-Weekday-06',100,50300,,'',0,5300,,'',0,16500,,'',0,10600,,'',0,11100,,'',0,11700,,'',0,9200,,'',0,8600,,'',0,17400,,'',0,10500,,'',0,11500,,'',0,9900,,'',0,12700,,'',0,8200,,'',0,17300,,'',0,9700,,'',0,11900,,'',0
'SUN2309-SUN2309-Weekday-06',101,72500,4,'',0,8700,4,'',0,12300,4,'',0,12000,4,'',0,10000,4,'',0,16400,4,'',0,9600,4,'',0,4000,4,'',0,17500,4,'',0,10900,4,'',0,11100,4,'',0,8500,4,'',0,17500,4,'',0,4000,4,'',0,18000,4,'',0,9500,4,'',0,11000,4,'',0
'SUN2309-SUN2309-Saturday-04',9000,61100,,'',0,9400,,'',0,13200,,'',0,10400,,'',0,15900,,'',0,11100,,'',0,10000,,'',0,12000,,'',0,10200,,'',0,11800,,'',0,9900,,'',0,16500,,'',0
'SUN2309-SUN2309-Saturday-04',9001,74400,4,'',0,9900,4,'',0,17800,4,'',0,11900,4,'',0,10500,4,'',0,10800,4,'',0,10000,4,'',0,15800,4,'',0,10900,4,'',0,10800,4,'',0,9500,4,'',0,12200,4,'',0
'SUN2309-SUN2309-Sunday-04',9000,65500,,'',0,14500,,'',0,5600,,'',0,10000,,'',0,14900,,'',0,10600,,'',0,11700,,'',0,10300,,'',0,10200,,'',0,11800,,'',0,9300,,'',0,17100,,'',0
'SUN2309-SUN2309-Sunday-04',9001,83500,4,'',0,11000,4,'',0,9600,4,'',0,9200,4,'',0,11200,4,'',0,10800,4,'',0,16200,4,'',0,9300,4,'',0,11200,4,'',0,10800,4,'',0,8900,4,'',0,12800,4,'',0
'SUN2309-SUN2309-Weekday-06',9000,52500,,'',0,7500,,'',0,3500,,'',0,7500,,'',0,2400,,'',0,7800,,'',0,3800,,'',0,7500,,'',0,3300,,'',0,8700,,'',0,8300,,'',0,8500,,'',0,10200,,'',0,4000,,'',0,7700,,'',0,6800,,'',0,4600,,'',0,6900,,'',0,3700,,'',0,8100,,'',0,8200,,'',0,9800,,'',0,4200,,'',0,17300,,'',0
'SUN2309-SUN2309-Weekday-06',9001,65500,4,'',0,7700,4,'',0,7500,4,'',0,4000,4,'',0,7100,4,'',0,3800,4,'',0,7400,4,'',0,2800,4,'',0,7500,4,'',0,8600,4,'',0,8900,4,'',0,4200,4,'',0,10400,4,'',0,7700,4,'',0,7700,4,'',0,3500,4,'',0,7500,4,'',0,4000,4,'',0,7000,4,'',0,8300,4,'',0,3700,4,'',0,9800,4,'',0,7700,4,'',0,18500,4,'',0
