100,170101,1,0
100,170102,2,0
100,170103,3,0
100,170104,4,0
100,170105,5,0
100,170106,6,0
100,170107,7,0
100,170108,8,0
100,170109,9,0
100,170110,10,0
100,170111,11,0
100,170112,12,0
100,170113,13,0
100,170114,14,0
100,170077,15,0
100,170078,16,0
100,170326,17,0
100,170080,18,0
100,170082,19,0
100,170115,20,0
100,170083,21,0
100,170084,22,0
100,170323,23,0
100,118013,24,0
100,170324,25,0
100,170089,26,0
100,170117,27,0
100,170118,28,0
100,170119,29,0
100,170131,30,0
100,170321,31,0
100,170132,32,0
100,170134,33,0
100,170135,34,0
100,170136,35,0
100,170137,36,0
100,170138,37,0
100,170139,38,0
100,170140,39,0
100,170142,40,0
100,170144,41,0
100,170145,42,0
100,118019,43,0
100,170147,44,0
100,170148,45,0
100,170149,46,0
100,170151,47,0
100,170327,48,0
100,170152,49,0
100,170328,50,0
100,170154,51,0
100,170155,52,0
100,170156,53,0
100,170157,54,0
100,170158,55,0
100,170159,56,0
100,170160,57,0
100,170040,58,0
100,170162,59,0
100,170163,60,0
100,170164,61,0
100,170165,62,0
100,170166,63,0
100,170167,64,0
100,170168,65,0
100,170169,66,0
100,170170,67,0
100,170171,68,0
100,170172,69,0
100,170174,70,0
100,170175,71,0
100,170176,72,0
100,170177,73,0
100,170178,74,0
100,170320,75,0
100,170180,76,0
100,170181,77,0
100,170182,78,0
100,170183,79,0
100,170185,80,0
100,170186,81,0
100,170187,82,0
100,170189,83,0
100,170330,84,0
100,118033,85,0
100,170011,86,0
100,118010,87,0
100,170003,88,1
101,170003,1,0
101,170001,2,0
101,118007,3,0
101,118012,4,0
101,170016,5,0
101,170017,6,0
101,170018,7,0
101,170019,8,0
101,170020,9,0
101,170022,10,0
101,170023,11,0
101,170024,12,0
101,170025,13,0
101,170026,14,0
101,170027,15,0
101,170028,16,0
101,170029,17,0
101,170030,18,0
101,170031,19,0
101,170329,20,0
101,170032,21,0
101,170033,22,0
101,170034,23,0
101,170035,24,0
101,170036,25,0
101,170037,26,0
101,170038,27,0
101,170039,28,0
101,170041,29,0
101,170042,30,0
101,170043,31,0
101,170044,32,0
101,170045,33,0
101,170046,34,0
101,170047,35,0
101,170153,36,0
101,170048,37,0
101,170049,38,0
101,170050,39,0
101,170051,40,0
101,170052,41,0
101,170053,42,0
101,170054,43,0
101,170055,44,0
101,170056,45,0
101,170057,46,0
101,170058,47,0
101,170059,48,0
101,170060,49,0
101,170062,50,0
101,170063,51,0
101,170064,52,0
101,170319,53,0
101,170065,54,0
101,170066,55,0
101,170068,56,0
101,170070,57,0
101,170071,58,0
101,170072,59,0
101,170073,60,0
101,170074,61,0
101,170075,62,0
101,170325,63,0
101,170077,64,0
101,170078,65,0
101,170326,66,0
101,170080,67,0
101,170082,68,0
101,170115,69,0
101,170083,70,0
101,170084,71,0
101,170323,72,0
101,118013,73,0
101,170324,74,0
101,170089,75,0
101,170090,76,0
101,170091,77,0
101,170092,78,0
101,170094,79,0
101,170095,80,0
101,170096,81,0
101,170097,82,0
101,170098,83,0
101,170099,84,0
101,118014,85,0
101,170100,86,0
101,170101,87,1
200,170006,1,0
200,170001,2,0
200,170219,3,0
200,118024,4,0
200,118031,5,0
200,170223,6,0
200,118000,7,0
200,118001,8,0
200,118002,9,0
200,118030,10,0
200,118003,11,0
200,118004,12,0
200,170226,13,0
200,170227,14,0
200,170335,15,0
200,170228,16,0
200,170230,17,0
200,170232,18,0
200,170234,19,0
200,170236,20,0
200,170221,21,1
300,170006,1,0
300,170237,2,0
300,170238,3,0
300,170239,4,0
300,170243,5,0
300,170244,6,0
300,170245,7,0
300,170246,8,0
300,170247,9,0
300,170249,10,0
300,118011,11,0
300,170251,12,0
300,170252,13,0
300,118017,14,0
300,170265,15,0
300,170266,16,0
300,170267,17,0
300,170268,18,0
300,170241,19,0
300,170240,20,0
300,170269,21,0
300,170331,22,0
300,118033,23,0
300,170011,24,1
401,170006,1,0
401,170001,2,0
401,170219,3,0
401,170222,4,0
401,170223,5,0
401,170224,6,0
401,170225,7,0
401,170226,8,0
401,170227,9,0
401,170335,10,0
401,170228,11,0
401,170230,12,0
401,170278,13,0
401,170279,14,0
401,170280,15,0
401,170282,16,0
401,170283,17,0
401,170284,18,0
401,170285,19,0
401,170286,20,0
401,170287,21,0
401,170288,22,0
401,170289,23,0
401,170290,24,0
401,170291,25,0
401,170292,26,0
401,170293,27,0
401,170294,28,0
401,170295,29,0
401,170296,30,0
401,170297,31,0
401,170300,32,0
401,170301,33,0
401,170302,34,0
401,170303,35,0
401,170304,36,0
401,170305,37,0
401,170306,38,0
401,170307,39,0
401,170308,40,0
401,170999,41,0
401,170311,42,0
401,170312,43,0
401,170314,44,0
401,170315,45,0
401,170316,46,0
401,170317,47,0
401,170318,48,0
401,170232,49,0
401,170234,50,0
401,170236,51,0
401,170221,52,1
9000,170101,1,0
9000,170106,2,0
9000,118025,3,0
9000,118026,4,0
9000,118027,5,0
9000,118015,6,0
9000,118028,7,0
9000,118029,8,0
9000,170128,9,0
9000,118032,10,0
9000,170107,11,0
9000,170108,12,0
9000,170109,13,0
9000,170110,14,0
9000,170111,15,0
9000,170112,16,0
9000,170113,17,0
9000,170114,18,0
9000,170117,19,0
9000,170118,20,0
9000,170119,21,0
9000,170131,22,0
9000,170321,23,0
9000,170132,24,0
9000,170143,25,0
9000,170144,26,0
9000,170145,27,0
9000,118019,28,0
9000,170206,29,0
9000,170207,30,0
9000,170208,31,0
9000,170210,32,0
9000,170213,33,0
9000,170214,34,0
9000,170216,35,0
9000,170217,36,0
9000,170218,37,0
9000,170169,38,0
9000,170170,39,0
9000,170171,40,0
9000,170172,41,0
9000,170174,42,0
9000,170175,43,0
9000,170176,44,0
9000,170177,45,0
9000,170178,46,0
9000,170320,47,0
9000,170180,48,0
9000,170181,49,0
9000,170182,50,0
9000,170183,51,0
9000,170185,52,0
9000,170186,53,0
9000,170187,54,0
9000,170189,55,0
9000,170330,56,0
9000,118033,57,0
9000,170011,58,0
9000,118010,59,0
9000,170003,60,1
9001,170003,1,0
9001,170001,2,0
9001,118007,3,0
9001,118012,4,0
9001,170016,5,0
9001,170017,6,0
9001,170018,7,0
9001,170019,8,0
9001,170020,9,0
9001,170022,10,0
9001,170023,11,0
9001,170024,12,0
9001,170025,13,0
9001,170026,14,0
9001,170027,15,0
9001,170028,16,0
9001,170029,17,0
9001,170030,18,0
9001,170031,19,0
9001,170329,20,0
9001,170196,21,0
9001,170197,22,0
9001,170198,23,0
9001,170199,24,0
9001,170200,25,0
9001,170201,26,0
9001,170202,27,0
9001,170203,28,0
9001,170204,29,0
9001,170205,30,0
9001,170055,31,0
9001,170056,32,0
9001,170057,33,0
9001,170058,34,0
9001,170068,35,0
9001,170070,36,0
9001,170071,37,0
9001,170072,38,0
9001,170073,39,0
9001,170074,40,0
9001,170075,41,0
9001,170325,42,0
9001,170090,43,0
9001,170091,44,0
9001,170092,45,0
9001,170094,46,0
9001,170095,47,0
9001,170096,48,0
9001,170097,49,0
9001,170098,50,0
9001,170120,51,0
9001,170322,52,0
9001,170123,53,0
9001,118020,54,0
9001,118021,55,0
9001,118022,56,0
9001,118023,57,0
9001,170099,58,0
9001,118014,59,0
9001,170100,60,0
9001,170101,61,1
