'SUN2306-SUN2306-Saturday-11',100,45800,,'',0,25500,,'',0,22500,,'',0,21500,,'',0,26000,,'',0,22000,,'',0,22000,,'',0,25500,,'',0,20000,,'',0
'SUN2306-SUN2306-Saturday-11',101,70900,4,'',0,22500,4,'',0,22000,4,'',0,26000,4,'',0,21000,4,'',0,22500,4,'',0,25400,4,'',0,22600,4,'',0,20000,4,'',0
'SUN2306-SUN2306-Sunday-05',100,45800,,'',0,25800,,'',0,21700,,'',0,22000,,'',0,26000,,'',0,22000,,'',0,22000,,'',0,25500,,'',0,20200,,'',0
'SUN2306-SUN2306-Sunday-05',101,70900,4,'',0,22800,4,'',0,22200,4,'',0,25500,4,'',0,21500,4,'',0,22000,4,'',0,26000,4,'',0,22000,4,'',0,20000,4,'',0
'SUN2306-SUN2306-Weekday-36',100,45800,,'',0,9300,,'',0,16500,,'',0,8600,,'',0,13100,,'',0,9000,,'',0,12400,,'',0,9600,,'',0,16400,,'',0,5100,,'',0,16900,,'',0,9000,,'',0,13600,,'',0,8500,,'',0,17000,,'',0,9700,,'',0,11400,,'',0
'SUN2306-SUN2306-Weekday-36',101,72000,4,'',0,8700,4,'',0,12800,4,'',0,11500,4,'',0,10500,4,'',0,9500,4,'',0,16500,4,'',0,9000,4,'',0,12500,4,'',0,9500,4,'',0,12700,4,'',0,8300,4,'',0,17500,4,'',0,9000,4,'',0,13000,4,'',0,9000,4,'',0,11000,4,'',0
'SUN2306-SUN2306-Saturday-11',9000,60300,,'',0,11200,,'',0,11000,,'',0,12300,,'',0,9000,,'',0,17200,,'',0,4600,,'',0,9200,,'',0,8300,,'',0,10400,,'',0,11100,,'',0,9900,,'',0,16600,,'',0
'SUN2306-SUN2306-Saturday-11',9001,73400,4,'',0,11900,4,'',0,15400,4,'',0,12800,4,'',0,9000,4,'',0,12800,4,'',0,8500,4,'',0,9700,4,'',0,7300,4,'',0,10700,4,'',0,11300,4,'',0,10200,4,'',0,11500,4,'',0
'SUN2306-SUN2306-Sunday-05',9000,70900,,'',0,14600,,'',0,9500,,'',0,8800,,'',0,17000,,'',0,4700,,'',0,17600,,'',0,8200,,'',0,13800,,'',0,8600,,'',0,17400,,'',0,21600,,'',0
'SUN2306-SUN2306-Sunday-05',9001,85200,4,'',0,18300,4,'',0,10300,4,'',0,8700,4,'',0,13000,4,'',0,8700,4,'',0,16600,4,'',0,9200,4,'',0,12800,4,'',0,8200,4,'',0,13500,4,'',0,26300,4,'',0
'SUN2306-SUN2306-Weekday-36',9000,52000,,'',0,3500,,'',0,7500,,'',0,7200,,'',0,3400,,'',0,9000,,'',0,2900,,'',0,6500,,'',0,3800,,'',0,8300,,'',0,8200,,'',0,9000,,'',0,8800,,'',0,4900,,'',0,8200,,'',0,7200,,'',0,1100,,'',0,9500,,'',0,3900,,'',0,9300,,'',0,6800,,'',0,10300,,'',0,8700,,'',0,12800,,'',0
'SUN2306-SUN2306-Weekday-36',9001,65000,4,'',0,8000,4,'',0,7500,4,'',0,3400,4,'',0,7900,4,'',0,8200,4,'',0,2300,4,'',0,2600,4,'',0,8400,4,'',0,8700,4,'',0,8300,4,'',0,4700,4,'',0,9000,4,'',0,8600,4,'',0,8400,4,'',0,3300,4,'',0,5700,4,'',0,4800,4,'',0,8000,4,'',0,8700,4,'',0,2800,4,'',0,10300,4,'',0,9200,4,'',0,17000,4,'',0
