'SUN2210-SUN2210-Saturday-02',100,60000,4,'',0,21500,4,'',0,21500,4,'',0,21500,4,'',0,21000,4,'',0,25000,4,'',0,21500,4,'',0,21500,4,'',0,20500,4,'',0
'SUN2210-SUN2210-Saturday-02',101,60500,,'',0,22500,,'',0,21500,,'',0,21000,,'',0,25400,,'',0,21100,,'',0,22000,,'',0,21000,,'',0,20500,,'',0
'SUN2210-SUN2210-Sunday-04',100,60000,4,'',0,21500,4,'',0,21500,4,'',0,21500,4,'',0,21000,4,'',0,25000,4,'',0,21500,4,'',0,21500,4,'',0,20500,4,'',0
'SUN2210-SUN2210-Sunday-04',101,60500,,'',0,22500,,'',0,21500,,'',0,21000,,'',0,25400,,'',0,21100,,'',0,22000,,'',0,21000,,'',0,20500,,'',0
'SUN2210-SUN2210-Weekday-01',100,60500,4,'',0,4800,4,'',0,16700,4,'',0,11000,4,'',0,10000,4,'',0,12200,4,'',0,9000,4,'',0,8800,4,'',0,12500,4,'',0,15400,4,'',0,9600,4,'',0,11500,4,'',0,12000,4,'',0,9500,4,'',0,12000,4,'',0,20000,4,'',0
'SUN2210-SUN2210-Weekday-01',101,62000,,'',0,3700,,'',0,17800,,'',0,11000,,'',0,10000,,'',0,15600,,'',0,5600,,'',0,8800,,'',0,16500,,'',0,11400,,'',0,9600,,'',0,11000,,'',0,12500,,'',0,9500,,'',0,16000,,'',0,19000,,'',0
'SUN2210-SUN2210-Saturday-02',9000,70000,4,'',0,5800,4,'',0,16200,4,'',0,21500,4,'',0,21800,4,'',0,10100,4,'',0,15300,4,'',0,9500,4,'',0,12500,4,'',0,10900,4,'',0,9900,4,'',0
'SUN2210-SUN2210-Saturday-02',9001,70600,,'',0,9400,,'',0,12500,,'',0,22500,,'',0,25500,,'',0,10500,,'',0,11000,,'',0,10000,,'',0,11000,,'',0,10500,,'',0,11500,,'',0
'SUN2210-SUN2210-Sunday-04',9000,70000,4,'',0,5500,4,'',0,16800,4,'',0,20900,4,'',0,22400,4,'',0,9500,4,'',0,15900,4,'',0,9200,4,'',0,12500,4,'',0,10900,4,'',0,9900,4,'',0
'SUN2210-SUN2210-Sunday-04',9001,70600,,'',0,9400,,'',0,12500,,'',0,22500,,'',0,25500,,'',0,10500,,'',0,11000,,'',0,10000,,'',0,11000,,'',0,10500,,'',0,11500,,'',0
'SUN2210-SUN2210-Weekday-01',9000,60500,4,'',0,2400,4,'',0,7700,4,'',0,4600,4,'',0,6800,4,'',0,3400,4,'',0,7800,4,'',0,7100,4,'',0,2700,4,'',0,9400,4,'',0,8100,4,'',0,4000,4,'',0,10900,4,'',0,7200,4,'',0,2900,4,'',0,9400,4,'',0,6500,4,'',0,9100,4,'',0,2000,4,'',0,9300,4,'',0,3200,4,'',0,9000,4,'',0,9500,4,'',0,11300,4,'',0
'SUN2210-SUN2210-Weekday-01',9001,61000,,'',0,2600,,'',0,7400,,'',0,9000,,'',0,2500,,'',0,7700,,'',0,4000,,'',0,7100,,'',0,3200,,'',0,8900,,'',0,8600,,'',0,3500,,'',0,14900,,'',0,2900,,'',0,7700,,'',0,4500,,'',0,6400,,'',0,10100,,'',0,2000,,'',0,9300,,'',0,6700,,'',0,5500,,'',0,9500,,'',0,15300,,'',0
