201,'5106',506,,1114,7,,,0,9,,1121,7,,,0,31,,1117,23,,,0,71,,1122,7,,,0,97,,1120,23,,,0,30,,1112,23,,,0,73,,1113,23,,,0,106,,1111,23,,,0,207,,1115,23,,,0,79,,1116,23,,,0,43,,1123,23,,,0,105,,1118,23,,,0,98,,1119,23,,,0,76,,1110,23,,,0,202,,1109,23,,,0,115,,1108,23,,,0,180,,1107,23,,,0
201,'5107',1805,,1125,23,,,0
201,'5108',1805,,1128,23,,,0,419,,1126,23,,,0,115,,1127,23,,,0
201,'5109',454,,1143,7,,,0,158,,1139,23,,,0,1,,1130,7,,,0,46,,1142,23,,,0,168,,1131,23,,,0,89,,1133,23,,,0,134,,1132,23,,,0,86,,1146,23,,,0,94,,1134,23,,,0,96,,1135,23,,,0,123,,1144,23,,,0,68,,1136,23,,,0,125,,1137,23,,,0,107,,1145,23,,,0,102,,1140,23,,,0,172,,1141,23,,,0,35,,1138,23,,,0,96,,1129,23,,,0
201,'5110',454,,1161,7,,,0,158,,1157,23,,,0,1,,1148,7,,,0,46,,1160,23,,,0,169,,1149,23,,,0,92,,1151,23,,,0,130,,1150,23,,,0,83,,1164,23,,,0,97,,1152,23,,,0,103,,1153,23,,,0,116,,1162,23,,,0,71,,1154,23,,,0,120,,1155,23,,,0,113,,1163,23,,,0,98,,1158,23,,,0,173,,1159,23,,,0,35,,1156,23,,,0,98,,1147,23,,,0
400,'5106',638,,1223,58,,,0,165,,1224,58,,,0,235,,1225,58,,,0,220,,1226,58,,,0,155,,1227,58,,,0,410,,1222,58,,,0,180,,1221,58,,,0
400,'5107',1701,,1228,58,,,0
400,'5108',1701,,1230,58,,,0,618,,1229,62,,,0
400,'5109',749,,1238,58,,,0,284,,1233,58,,,0,122,,1232,58,,,0,248,,1235,58,,,0,204,,1234,58,,,0,224,,1236,58,,,0,124,,1237,58,,,0,301,,1231,58,,,0
400,'5110',749,,1246,58,,,0,284,,1241,58,,,0,120,,1240,58,,,0,247,,1243,58,,,0,212,,1242,58,,,0,222,,1244,58,,,0,121,,1245,58,,,0,301,,1239,58,,,0
