201,'5106',502,,1114,4,,,0,9,,1121,4,,,0,31,,1117,20,,,0,71,,1122,4,,,0,97,,1120,20,,,0,30,,1112,20,,,0,73,,1113,20,,,0,106,,1111,20,,,0,207,,1115,20,,,0,80,,1116,20,,,0,43,,1123,20,,,0,105,,1118,20,,,0,98,,1119,20,,,0,76,,1110,20,,,0,201,,1109,20,,,0,115,,1108,20,,,0,180,,1107,20,,,0
201,'5107',1801,,1125,20,,,0
201,'5108',1801,,1128,20,,,0,419,,1126,20,,,0,117,,1127,20,,,0
201,'5109',451,,1143,4,,,0,157,,1139,20,,,0,1,,1130,4,,,0,47,,1142,20,,,0,168,,1131,20,,,0,89,,1133,20,,,0,133,,1132,20,,,0,86,,1146,20,,,0,94,,1134,20,,,0,96,,1135,20,,,0,123,,1144,20,,,0,68,,1136,20,,,0,125,,1137,20,,,0,107,,1145,20,,,0,103,,1140,20,,,0,172,,1141,20,,,0,35,,1138,20,,,0,96,,1129,20,,,0
201,'5110',451,,1161,4,,,0,157,,1157,20,,,0,1,,1148,4,,,0,47,,1160,20,,,0,169,,1149,20,,,0,92,,1151,20,,,0,129,,1150,20,,,0,83,,1164,20,,,0,97,,1152,20,,,0,103,,1153,20,,,0,116,,1162,20,,,0,71,,1154,20,,,0,120,,1155,20,,,0,113,,1163,20,,,0,99,,1158,20,,,0,173,,1159,20,,,0,35,,1156,20,,,0,98,,1147,20,,,0
400,'5106',637,,1223,55,,,0,165,,1224,55,,,0,235,,1225,55,,,0,220,,1226,55,,,0,155,,1227,55,,,0,410,,1222,55,,,0,180,,1221,55,,,0
400,'5107',1659,,1228,55,,,0
400,'5108',1659,,1230,55,,,0,659,,1229,59,,,0
400,'5109',747,,1238,55,,,0,284,,1233,55,,,0,122,,1232,55,,,0,248,,1235,55,,,0,204,,1234,55,,,0,224,,1236,55,,,0,125,,1237,55,,,0,301,,1231,55,,,0
400,'5110',747,,1246,55,,,0,284,,1241,55,,,0,120,,1240,55,,,0,207,,1243,55,,,0,252,,1242,55,,,0,222,,1244,55,,,0,122,,1245,55,,,0,301,,1239,55,,,0
