201,'5106',535,,1117,8,,,0,167,,1120,8,,,0,30,,1112,8,,,0,73,,1113,8,,,0,106,,1111,8,,,0,206,,1115,8,,,0,39,,1116,8,,,0,83,,1123,8,,,0,105,,1118,8,,,0,98,,1119,8,,,0,76,,1110,8,,,0,202,,1109,8,,,0,116,,1108,8,,,0,181,,1107,8,,,0,391,,1124,8,,,0
201,'5107',1752,,1125,8,,,0
201,'5108',1752,,1128,8,,,0,461,,1126,8,,,0,117,,1127,8,,,0
201,'5109',600,,1139,8,,,0,47,,1142,8,,,0,168,,1131,8,,,0,89,,1133,8,,,0,133,,1132,8,,,0,86,,1146,8,,,0,94,,1134,8,,,0,95,,1135,8,,,0,123,,1144,8,,,0,69,,1136,8,,,0,126,,1137,8,,,0,107,,1145,8,,,0,103,,1140,8,,,0,172,,1141,8,,,0,35,,1138,8,,,0,97,,1129,8,,,0
201,'5110',600,,1157,8,,,0,47,,1160,8,,,0,169,,1149,8,,,0,92,,1151,8,,,0,129,,1150,8,,,0,83,,1164,8,,,0,97,,1152,8,,,0,102,,1153,8,,,0,116,,1162,8,,,0,72,,1154,8,,,0,121,,1155,8,,,0,113,,1163,8,,,0,99,,1158,8,,,0,173,,1159,8,,,0,35,,1156,8,,,0,99,,1147,8,,,0
400,'5106',600,,1223,5,,,0,124,,1224,5,,,0,276,,1225,5,,,0,220,,1226,5,,,0,115,,1227,5,,,0,410,,1222,5,,,0,180,,1221,5,,,0
400,'5107',1624,,1228,5,,,0
400,'5108',1624,,1230,5,,,0,615,,1229,5,,,0
400,'5109',710,,1238,5,,,0,241,,1233,5,,,0,162,,1232,5,,,0,207,,1235,5,,,0,205,,1234,5,,,0,225,,1236,5,,,0,166,,1237,5,,,0,301,,1231,5,,,0
400,'5110',710,,1246,5,,,0,241,,1241,5,,,0,160,,1240,5,,,0,206,,1243,5,,,0,213,,1242,5,,,0,223,,1244,5,,,0,163,,1245,5,,,0,301,,1239,5,,,0
