201,'5106',505,,1114,6,,,0,9,,1121,6,,,0,31,,1117,22,,,0,71,,1122,6,,,0,97,,1120,22,,,0,30,,1112,22,,,0,73,,1113,22,,,0,106,,1111,22,,,0,207,,1115,22,,,0,79,,1116,22,,,0,43,,1123,22,,,0,105,,1118,22,,,0,98,,1119,22,,,0,76,,1110,22,,,0,202,,1109,22,,,0,115,,1108,22,,,0,180,,1107,22,,,0
201,'5107',1804,,1125,22,,,0
201,'5108',1804,,1128,22,,,0,419,,1126,22,,,0,116,,1127,22,,,0
201,'5109',453,,1143,6,,,0,158,,1139,22,,,0,1,,1130,6,,,0,46,,1142,22,,,0,168,,1131,22,,,0,89,,1133,22,,,0,134,,1132,22,,,0,86,,1146,22,,,0,94,,1134,22,,,0,96,,1135,22,,,0,123,,1144,22,,,0,68,,1136,22,,,0,125,,1137,22,,,0,107,,1145,22,,,0,102,,1140,22,,,0,172,,1141,22,,,0,35,,1138,22,,,0,96,,1129,22,,,0
201,'5110',453,,1161,6,,,0,158,,1157,22,,,0,1,,1148,6,,,0,46,,1160,22,,,0,169,,1149,22,,,0,92,,1151,22,,,0,130,,1150,22,,,0,83,,1164,22,,,0,97,,1152,22,,,0,103,,1153,22,,,0,116,,1162,22,,,0,71,,1154,22,,,0,120,,1155,22,,,0,113,,1163,22,,,0,98,,1158,22,,,0,173,,1159,22,,,0,35,,1156,22,,,0,98,,1147,22,,,0
400,'5106',638,,1223,57,,,0,165,,1224,57,,,0,235,,1225,57,,,0,220,,1226,57,,,0,155,,1227,57,,,0,410,,1222,57,,,0,180,,1221,57,,,0
400,'5107',1700,,1228,57,,,0
400,'5108',1700,,1230,57,,,0,619,,1229,61,,,0
400,'5109',749,,1238,57,,,0,283,,1233,57,,,0,122,,1232,57,,,0,248,,1235,57,,,0,205,,1234,57,,,0,223,,1236,57,,,0,125,,1237,57,,,0,301,,1231,57,,,0
400,'5110',749,,1246,57,,,0,284,,1241,57,,,0,119,,1240,57,,,0,207,,1243,57,,,0,253,,1242,57,,,0,222,,1244,57,,,0,121,,1245,57,,,0,301,,1239,57,,,0
