201,'5106',501,,1114,1,,,0,9,,1121,1,,,0,31,,1117,17,,,0,71,,1122,1,,,0,97,,1120,17,,,0,30,,1112,17,,,0,73,,1113,17,,,0,106,,1111,17,,,0,207,,1115,17,,,0,79,,1116,17,,,0,43,,1123,17,,,0,105,,1118,17,,,0,98,,1119,17,,,0,76,,1110,17,,,0,202,,1109,17,,,0,115,,1108,17,,,0,180,,1107,17,,,0,391,,1124,17,4,,0
201,'5107',1800,,1125,17,,,0
201,'5108',1800,,1128,17,,,0,419,,1126,17,,,0,117,,1127,17,,,0
201,'5109',450,,1143,1,,,0,157,,1139,17,,,0,1,,1130,1,,,0,46,,1142,17,,,0,168,,1131,17,,,0,89,,1133,17,,,0,133,,1132,17,,,0,86,,1146,17,,,0,94,,1134,17,,,0,96,,1135,17,,,0,123,,1144,17,,,0,69,,1136,17,,,0,125,,1137,17,,,0,107,,1145,17,,,0,103,,1140,17,,,0,172,,1141,17,,,0,35,,1138,17,,,0,96,,1129,17,,,0
201,'5110',450,,1161,1,,,0,157,,1157,17,,,0,1,,1148,1,,,0,46,,1160,17,,,0,169,,1149,17,,,0,92,,1151,17,,,0,129,,1150,17,,,0,83,,1164,17,,,0,97,,1152,17,,,0,103,,1153,17,,,0,116,,1162,17,,,0,72,,1154,17,,,0,120,,1155,17,,,0,113,,1163,17,,,0,99,,1158,17,,,0,173,,1159,17,,,0,35,,1156,17,,,0,98,,1147,17,,,0
400,'5106',602,,1223,10,,,0,124,,1224,10,,,0,276,,1225,10,,,0,220,,1226,10,,,0,115,,1227,10,,,0,410,,1222,10,,,0,180,,1221,10,,,0
400,'5107',1626,,1228,10,,,0
400,'5108',1626,,1230,10,,,0,617,,1229,14,,,0
400,'5109',712,,1238,10,,,0,241,,1233,10,,,0,162,,1232,10,,,0,207,,1235,10,,,0,206,,1234,10,,,0,224,,1236,10,,,0,166,,1237,10,,,0,302,,1231,10,,,0
400,'5110',712,,1246,10,,,0,242,,1241,10,,,0,159,,1240,10,,,0,206,,1243,10,,,0,214,,1242,10,,,0,222,,1244,10,,,0,163,,1245,10,,,0,302,,1239,10,,,0
