201,'5106',541,,1117,16,,,0,168,,1120,16,,,0,30,,1112,16,,,0,73,,1113,16,,,0,106,,1111,16,,,0,206,,1115,16,,,0,79,,1116,16,,,0,43,,1123,16,,,0,105,,1118,16,,,0,98,,1119,16,,,0,76,,1110,16,,,0,202,,1109,16,,,0,116,,1108,16,,,0,180,,1107,16,,,0,391,,1124,16,,,0
201,'5107',1759,,1125,16,,,0
201,'5108',1759,,1128,16,,,0,460,,1126,16,,,0,117,,1127,16,,,0
201,'5109',607,,1139,16,,,0,47,,1142,16,,,0,168,,1131,16,,,0,89,,1133,16,,,0,133,,1132,16,,,0,86,,1146,16,,,0,94,,1134,16,,,0,95,,1135,16,,,0,123,,1144,16,,,0,69,,1136,16,,,0,126,,1137,16,,,0,107,,1145,16,,,0,103,,1140,16,,,0,172,,1141,16,,,0,35,,1138,16,,,0,96,,1129,16,,,0
201,'5110',607,,1157,16,,,0,47,,1160,16,,,0,169,,1149,16,,,0,92,,1151,16,,,0,129,,1150,16,,,0,83,,1164,16,,,0,97,,1152,16,,,0,102,,1153,16,,,0,116,,1162,16,,,0,72,,1154,16,,,0,121,,1155,16,,,0,113,,1163,16,,,0,99,,1158,16,,,0,173,,1159,16,,,0,35,,1156,16,,,0,98,,1147,16,,,0
400,'5106',602,,1223,9,,,0,124,,1224,9,,,0,276,,1225,9,,,0,220,,1226,9,,,0,115,,1227,9,,,0,410,,1222,9,,,0,180,,1221,9,,,0
400,'5107',1626,,1228,9,,,0
400,'5108',1626,,1230,9,,,0,617,,1229,13,,,0
400,'5109',712,,1238,9,,,0,241,,1233,9,,,0,162,,1232,9,,,0,207,,1235,9,,,0,206,,1234,9,,,0,224,,1236,9,,,0,166,,1237,9,,,0,302,,1231,9,,,0
400,'5110',712,,1246,9,,,0,242,,1241,9,,,0,159,,1240,9,,,0,206,,1243,9,,,0,214,,1242,9,,,0,222,,1244,9,,,0,163,,1245,9,,,0,302,,1239,9,,,0
