201,'5224',530,,1788,3,,,0,127,,1790,3,,,0,70,,1784,3,,,0,73,,1785,3,,,0,106,,1783,3,,,0,206,,1461,3,,,0,39,,1787,3,,,0,83,,1469,3,,,0,105,,1789,3,,,0,97,,1465,3,,,0,76,,1782,3,,,0,203,,1781,3,,,0,32,,1471,3,,,0,84,,1454,3,,,0,181,,1453,3,,,0,391,,1793,3,,,0
201,'5226',2208,,1794,3,,,0,117,,1795,3,,,0
201,'5227',555,,1804,3,,,0,87,,1806,3,,,0,165,,1798,3,,,0,52,,1800,3,,,0,183,,1799,3,,,0,78,,1810,3,,,0,89,,1801,3,,,0,98,,1802,3,,,0,123,,1808,3,,,0,24,,1803,3,,,0,171,,1482,3,,,0,107,,1809,3,,,0,103,,1805,3,,,0,172,,1486,3,,,0,39,,1483,3,,,0,96,,1796,3,,,0
201,'5228',555,,1821,3,,,0,87,,1824,3,,,0,166,,1813,3,,,0,51,,1815,3,,,0,183,,1814,3,,,0,76,,1509,3,,,0,91,,1816,3,,,0,42,,1817,3,,,0,176,,1825,3,,,0,75,,1818,3,,,0,124,,1819,3,,,0,100,,1826,3,,,0,109,,1822,3,,,0,167,,1823,3,,,0,44,,1820,3,,,0,96,,1811,3,,,0
301,'5224',700,,1543,13,0,9 10,0,140,,1852,13,0,9 10,0,302,,1848,13,0,9 10,0,178,,1851,13,0,9 10,0,123,,1850,13,0,9 10,0,259,,1849,13,0,9 10,0,35,,1540,13,0,9 10,0,189,,1539,13,0,9 10,0
301,'5226',2203,,1853,13,0,9 10,0
301,'5227',636,,1857,13,0,9 10,0,188,,1859,13,0,9 10,0,115,,1860,13,0,9 10,0,170,,1854,13,0,9 10,0,147,,1856,13,0,9 10,0,257,,1855,13,0,9 10,0,201,,1546,13,0,9 10,0,141,,1552,13,0,9 10,0,280,,1858,13,0,9 10,0
301,'5228',636,,1863,13,0,9 10,0,190,,1867,13,0,9 10,0,113,,1868,13,0,9 10,0,171,,1556,13,0,9 10,0,146,,1865,13,0,9 10,0,251,,1862,13,0,9 10,0,206,,1861,13,0,9 10,0,141,,1866,13,0,9 10,0,281,,1864,13,0,9 10,0
400,'5224',557,,1567,3,,,0,164,,1568,3,,,0,236,,1870,3,,,0,260,,1871,3,,,0,115,,1872,3,,,0,289,,1564,3,,,0,121,,1869,3,,,0,180,,1565,3,,,0
400,'5226',2236,,1873,3,,,0
400,'5227',707,,1879,3,,,0,241,,1876,3,,,0,169,,1875,3,,,0,200,,1878,3,,,0,205,,1877,3,,,0,225,,1578,3,,,0,166,,1579,3,,,0,301,,1874,3,,,0
400,'5228',705,,1886,3,,,0,244,,1583,3,,,0,151,,1881,3,,,0,215,,1883,3,,,0,210,,1882,3,,,0,220,,1884,3,,,0,167,,1885,3,,,0,301,,1880,3,,,0
