201,'5106',502,,1114,2,,,0,9,,1121,2,,,0,31,,1117,18,,,0,71,,1122,2,,,0,97,,1120,18,,,0,30,,1112,18,,,0,73,,1113,18,,,0,106,,1111,18,,,0,207,,1115,18,,,0,79,,1116,18,,,0,43,,1123,18,,,0,105,,1118,18,,,0,98,,1119,18,,,0,76,,1110,18,,,0,202,,1109,18,,,0,115,,1108,18,,,0,180,,1107,18,,,0
201,'5107',1801,,1125,18,,,0
201,'5108',1801,,1128,18,,,0,419,,1126,18,,,0,116,,1127,18,,,0
201,'5109',450,,1143,2,,,0,158,,1139,18,,,0,1,,1130,2,,,0,46,,1142,18,,,0,168,,1131,18,,,0,89,,1133,18,,,0,133,,1132,18,,,0,86,,1146,18,,,0,94,,1134,18,,,0,96,,1135,18,,,0,123,,1144,18,,,0,69,,1136,18,,,0,125,,1137,18,,,0,107,,1145,18,,,0,102,,1140,18,,,0,172,,1141,18,,,0,35,,1138,18,,,0,96,,1129,18,,,0
201,'5110',450,,1161,2,,,0,158,,1157,18,,,0,1,,1148,2,,,0,46,,1160,18,,,0,169,,1149,18,,,0,92,,1151,18,,,0,129,,1150,18,,,0,83,,1164,18,,,0,97,,1152,18,,,0,103,,1153,18,,,0,116,,1162,18,,,0,72,,1154,18,,,0,120,,1155,18,,,0,113,,1163,18,,,0,98,,1158,18,,,0,173,,1159,18,,,0,35,,1156,18,,,0,98,,1147,18,,,0
400,'5106',602,,1223,11,,,0,124,,1224,11,,,0,276,,1225,11,,,0,220,,1226,11,,,0,115,,1227,11,,,0,410,,1222,11,,,0,180,,1221,11,,,0
400,'5107',1626,,1228,11,,,0
400,'5108',1626,,1230,11,,,0,617,,1229,15,,,0
400,'5109',712,,1238,11,,,0,241,,1233,11,,,0,162,,1232,11,,,0,207,,1235,11,,,0,206,,1234,11,,,0,224,,1236,11,,,0,166,,1237,11,,,0,302,,1231,11,,,0
400,'5110',712,,1246,11,,,0,242,,1241,11,,,0,159,,1240,11,,,0,206,,1243,11,,,0,214,,1242,11,,,0,222,,1244,11,,,0,163,,1245,11,,,0,302,,1239,11,,,0
