100,'5224',605,,1728,89,4,,0,41,,1730,89,4,,0,174,,1727,89,4,,0,100,,1732,95,4,,0,120,,1729,89,4,,0,105,,1731,89,4,,0,110,,1394,95,4,,0,145,,1380,89,4,,0,115,,1733,95,4,,0,115,,1721,89,4,,0,105,,1381,95,4,,0,115,,1722,89,4,,0,105,,1723,89,4,,0,165,,1724,89,4,,0,90,,1382,89,4,,0,191,,1726,89,4,,0
100,'5227',557,,1734,89,4,,0,263,,1735,89,4,,0,225,,1736,89,4,,0,210,,1737,89,4,,0,260,,1738,89,4,,0,220,,1739,89,4,,0,165,,1740,89,4,,0,215,,1741,89,4,,0,95,,1405,89,4,,0,205,,1742,89,4,,0
100,'5228',556,,1406,89,4,,0,264,,1407,89,4,,0,225,,1743,89,4,,0,210,,1744,89,4,,0,260,,1745,89,4,,0,220,,1746,89,4,,0,115,,1747,89,4,,0,265,,1748,89,4,,0,95,,1750,89,4,,0,205,,1749,89,4,,0
101,'5224',620,,1758,1,,,0,81,,1762,1,,,0,134,,1759,1,,,0,120,,1760,1,,,0,100,,1761,1,,,0,160,,1763,1,,,0,100,,1432,1,,,0,110,,1431,1,,,0,105,,1751,1,,,0,115,,1752,1,,,0,100,,1418,1,,,0,165,,1753,1,,,0,100,,1754,1,,,0,120,,1755,1,,,0,100,,1422,1,,,0,201,,1757,1,,,0
101,'5227',605,,1764,1,,,0,230,,1768,1,,,0,220,,1770,1,,,0,260,,1769,1,,,0,215,,1771,1,,,0,215,,1772,1,,,0,165,,1767,1,,,0,220,,1766,1,,,0,95,,1442,1,,,0,205,,1765,1,,,0
101,'5228',605,,1443,1,,,0,230,,1447,1,,,0,220,,1777,1,,,0,260,,1776,1,,,0,215,,1778,1,,,0,215,,1779,1,,,0,165,,1775,1,,,0,220,,1774,1,,,0,95,,1780,1,,,0,205,,1773,1,,,0
9000,'5224',555,,1887,48,4,,0,70,,1911,55,4,,0,75,,1895,48,4,,0,23,,1896,55,4,,0,28,,1888,55,4,,0,69,,1897,48,4,,0,27,,1912,48,4,,0,67,,1910,55,4,,0,26,,1898,55,4,,0,70,,1899,48,4,,0,30,,1889,48,4,,0,74,,1900,55,4,,0,41,,1908,55,4,,0,64,,1890,48,4,,0,36,,1906,48,4,,0,68,,1913,55,4,,0,92,,1909,55,4,,0,30,,1901,48,4,,0,70,,1891,48,4,,0,100,,1902,48,4,,0,20,,1907,55,4,,0,72,,1903,55,4,,0,98,,1892,55,4,,0,50,,1914,48,4,,0,95,,1904,55,4,,0,75,,1894,55,4,,0,90,,1905,48,4,,0,95,,1893,55,4,,0
9000,'5225',1345,,1915,55,4,,0,200,,1916,55,4,,0,180,,1917,48,4,,0
9000,'5226',1345,,1918,55,4,,0,200,,1919,55,4,,0,180,,1920,48,4,,0
9000,'5227',657,,1921,55,4,,0,163,,1931,55,4,,0,120,,1922,48,4,,0,90,,1934,55,4,,0,10,,1933,55,4,,0,115,,1926,55,4,,0,90,,1935,55,4,,0,10,,1932,55,4,,0,90,,1923,48,4,,0,170,,1929,55,4,,0,115,,1924,48,4,,0,95,,1936,48,4,,0,10,,1928,48,4,,0,115,,1927,55,4,,0,105,,1930,48,4,,0,155,,1925,55,4,,0
9000,'5228',657,,1937,55,4,,0,163,,1945,55,4,,0,120,,1938,48,4,,0,90,,1952,55,4,,0,10,,1947,55,4,,0,115,,1941,55,4,,0,100,,1946,55,4,,0,90,,1939,48,4,,0,160,,1951,55,4,,0,10,,1948,55,4,,0,120,,1949,48,4,,0,90,,1950,48,4,,0,10,,1943,48,4,,0,115,,1942,55,4,,0,105,,1944,48,4,,0,155,,1940,55,4,,0
9001,'5224',600,,1953,1,,,0,30,,1961,1,,,0,75,,1962,1,,,0,33,,1963,1,,,0,68,,1977,1,,,0,29,,1954,1,,,0,20,,1964,1,,,0,64,,1965,1,,,0,36,,1966,1,,,0,65,,1974,1,,,0,30,,1957,1,,,0,70,,1967,1,,,0,90,,1975,1,,,0,25,,1968,1,,,0,75,,1956,1,,,0,30,,1972,1,,,0,80,,1976,1,,,0,80,,1970,1,,,0,25,,1955,1,,,0,100,,1969,1,,,0,15,,1979,1,,,0,82,,1973,1,,,0,93,,1980,1,,,0,90,,1960,1,,,0,100,,1958,1,,,0,35,,1978,1,,,0,85,,1971,1,,,0,100,,1959,1,,,0
9001,'5225',1355,,1981,1,,,0,195,,1982,1,,,0,190,,1983,1,,,0
9001,'5226',1355,,1984,1,,,0,195,,1985,1,,,0,190,,1986,1,,,0
9001,'5227',712,,1991,1,,,0,118,,1993,1,,,0,120,,1990,1,,,0,100,,1998,1,,,0,2,,2000,1,,,0,158,,1989,1,,,0,100,,1997,1,,,0,2,,2001,1,,,0,38,,1992,1,,,0,175,,1994,1,,,0,115,,1999,1,,,0,100,,1995,1,,,0,2,,2002,1,,,0,163,,1996,1,,,0,100,,1988,1,,,0,120,,1987,1,,,0
9001,'5228',712,,2008,1,,,0,118,,2009,1,,,0,120,,2007,1,,,0,100,,2014,1,,,0,2,,2016,1,,,0,158,,2006,1,,,0,100,,2013,1,,,0,40,,2005,1,,,0,175,,2010,1,,,0,2,,2017,1,,,0,113,,2015,1,,,0,100,,2011,1,,,0,2,,2018,1,,,0,163,,2012,1,,,0,100,,2004,1,,,0,120,,2003,1,,,0
