201,'5106',540,,1117,15,,,0,168,,1120,15,,,0,30,,1112,15,,,0,73,,1113,15,,,0,106,,1111,15,,,0,207,,1115,15,,,0,79,,1116,15,,,0,43,,1123,15,,,0,105,,1118,15,,,0,98,,1119,15,,,0,76,,1110,15,,,0,202,,1109,15,,,0,115,,1108,15,,,0,180,,1107,15,,,0,391,,1124,15,,,0
201,'5107',1759,,1125,15,,,0
201,'5108',1759,,1128,15,,,0,459,,1126,15,,,0,117,,1127,15,,,0
201,'5109',606,,1139,15,,,0,47,,1142,15,,,0,168,,1131,15,,,0,89,,1133,15,,,0,133,,1132,15,,,0,86,,1146,15,,,0,94,,1134,15,,,0,96,,1135,15,,,0,123,,1144,15,,,0,69,,1136,15,,,0,125,,1137,15,,,0,107,,1145,15,,,0,103,,1140,15,,,0,172,,1141,15,,,0,35,,1138,15,,,0,96,,1129,15,,,0
201,'5110',606,,1157,15,,,0,47,,1160,15,,,0,169,,1149,15,,,0,92,,1151,15,,,0,129,,1150,15,,,0,83,,1164,15,,,0,97,,1152,15,,,0,103,,1153,15,,,0,116,,1162,15,,,0,72,,1154,15,,,0,120,,1155,15,,,0,113,,1163,15,,,0,99,,1158,15,,,0,173,,1159,15,,,0,35,,1156,15,,,0,98,,1147,15,,,0
400,'5106',601,,1223,8,,,0,124,,1224,8,,,0,276,,1225,8,,,0,220,,1226,8,,,0,115,,1227,8,,,0,410,,1222,8,,,0,180,,1221,8,,,0
400,'5107',1625,,1228,8,,,0
400,'5108',1625,,1230,8,,,0,617,,1229,12,,,0
400,'5109',711,,1238,8,,,0,241,,1233,8,,,0,162,,1232,8,,,0,207,,1235,8,,,0,206,,1234,8,,,0,224,,1236,8,,,0,166,,1237,8,,,0,302,,1231,8,,,0
400,'5110',711,,1246,8,,,0,242,,1241,8,,,0,159,,1240,8,,,0,206,,1243,8,,,0,214,,1242,8,,,0,222,,1244,8,,,0,163,,1245,8,,,0,302,,1239,8,,,0
