201,'5106',502,,1114,3,,,0,9,,1121,3,,,0,31,,1117,19,,,0,71,,1122,3,,,0,97,,1120,19,,,0,30,,1112,19,,,0,73,,1113,19,,,0,106,,1111,19,,,0,207,,1115,19,,,0,79,,1116,19,,,0,43,,1123,19,,,0,105,,1118,19,,,0,98,,1119,19,,,0,76,,1110,19,,,0,202,,1109,19,,,0,115,,1108,19,,,0,180,,1107,19,,,0
201,'5107',1801,,1125,19,,,0
201,'5108',1801,,1128,19,,,0,419,,1126,19,,,0,117,,1127,19,,,0
201,'5109',451,,1143,3,,,0,157,,1139,19,,,0,1,,1130,3,,,0,46,,1142,19,,,0,168,,1131,19,,,0,89,,1133,19,,,0,133,,1132,19,,,0,86,,1146,19,,,0,94,,1134,19,,,0,96,,1135,19,,,0,123,,1144,19,,,0,69,,1136,19,,,0,125,,1137,19,,,0,107,,1145,19,,,0,103,,1140,19,,,0,172,,1141,19,,,0,35,,1138,19,,,0,96,,1129,19,,,0
201,'5110',451,,1161,3,,,0,157,,1157,19,,,0,1,,1148,3,,,0,46,,1160,19,,,0,169,,1149,19,,,0,92,,1151,19,,,0,129,,1150,19,,,0,83,,1164,19,,,0,97,,1152,19,,,0,103,,1153,19,,,0,116,,1162,19,,,0,72,,1154,19,,,0,120,,1155,19,,,0,113,,1163,19,,,0,99,,1158,19,,,0,173,,1159,19,,,0,35,,1156,19,,,0,98,,1147,19,,,0
400,'5106',603,,1223,12,,,0,124,,1224,12,,,0,276,,1225,12,,,0,220,,1226,12,,,0,115,,1227,12,,,0,410,,1222,12,,,0,180,,1221,12,,,0
400,'5107',1627,,1228,12,,,0
400,'5108',1627,,1230,12,,,0,617,,1229,16,,,0
400,'5109',713,,1238,12,,,0,241,,1233,12,,,0,162,,1232,12,,,0,207,,1235,12,,,0,206,,1234,12,,,0,224,,1236,12,,,0,166,,1237,12,,,0,302,,1231,12,,,0
400,'5110',713,,1246,12,,,0,242,,1241,12,,,0,159,,1240,12,,,0,206,,1243,12,,,0,214,,1242,12,,,0,222,,1244,12,,,0,163,,1245,12,,,0,302,,1239,12,,,0
