1,100,'5224',1721,1380,1381,1382,1722,1723,1724,1725,1726,1727,1728,1729,1730,1731,1732,1394,1733
1,100,'5227',1734,1735,1736,1737,1738,1739,1740,1741,1742,1405
1,100,'5228',1406,1407,1743,1744,1745,1746,1747,1748,1749,1750
1,101,'5224',1751,1752,1418,1753,1754,1755,1422,1756,1757,1758,1759,1760,1761,1762,1763,1431,1432
1,101,'5227',1764,1765,1766,1767,1768,1769,1770,1771,1772,1442
1,101,'5228',1443,1773,1774,1775,1447,1776,1777,1778,1779,1780
2,201,'5224',1453,1454,1781,1782,1783,1784,1785,1786,1461,1787,1788,1789,1465,1790,1791,1792,1469,1793,1471
2,201,'5226',1794,1795
2,201,'5227',1796,1797,1798,1799,1800,1801,1802,1803,1482,1483,1804,1805,1486,1806,1807,1808,1809,1810
2,201,'5228',1811,1812,1813,1814,1815,1816,1817,1818,1819,1820,1821,1822,1823,1824,1506,1825,1826,1509
3,300,'5224',1827,1511,1828,1513,1514,1829,1830,1831
3,300,'5226',1832
3,300,'5227',1833,1834,1835,1836,1837,1524,1525,1838,1839
3,300,'5228',1840,1841,1530,1842,1843,1844,1845,1846,1847
3,301,'5224',1848,1849,1539,1540,1850,1851,1543,1852
3,301,'5226',1853
3,301,'5227',1546,1854,1855,1856,1857,1858,1552,1859,1860
3,301,'5228',1861,1556,1862,1863,1864,1865,1866,1867,1868
4,400,'5224',1564,1565,1869,1567,1568,1870,1871,1872
4,400,'5226',1873
4,400,'5227',1874,1875,1876,1877,1878,1578,1579,1879
4,400,'5228',1880,1881,1583,1882,1883,1884,1885,1886
90,9000,'5224',1887,1888,1889,1890,1891,1892,1893,1894,1895,1896,1897,1898,1899,1900,1901,1902,1903,1904,1905,1906,1907,1908,1909,1910,1911,1912,1913,1914
90,9000,'5225',1915,1916,1917
90,9000,'5226',1918,1919,1920
90,9000,'5227',1921,1922,1923,1924,1925,1926,1927,1928,1929,1930,1931,1932,1933,1934,1935,1936
90,9000,'5228',1937,1938,1939,1940,1941,1942,1943,1944,1945,1946,1947,1948,1949,1950,1951,1952
90,9001,'5224',1953,1954,1955,1956,1957,1958,1959,1960,1961,1962,1963,1964,1965,1966,1967,1968,1969,1970,1971,1972,1973,1974,1975,1976,1977,1978,1979,1980
90,9001,'5225',1981,1982,1983
90,9001,'5226',1984,1985,1986
90,9001,'5227',1987,1988,1989,1990,1991,1992,1993,1994,1995,1996,1997,1998,1999,2000,2001,2002
90,9001,'5228',2003,2004,2005,2006,2007,2008,2009,2010,2011,2012,2013,2014,2015,2016,2017,2018
