100,'5224',509,,1389,2,,,0,41,,1391,2,,,0,170,,1388,2,,,0,94,,1393,2,0,5 6 2,0,126,,1390,2,,,0,105,,1392,2,,,0,103,,1394,2,0,5 6 2,0,111,,1380,2,,,0,148,,1395,2,0,5 6 2,0,121,,1379,2,,,0,99,,1381,2,0,5 6 2,0,118,,1383,2,,,0,109,,1384,2,,,0,166,,1385,2,,,0,90,,1382,2,,,0,113,,1386,2,0,7 8,0,79,,1387,2,,,0
100,'5227',459,,1396,2,,,0,260,,1397,2,,,0,222,,1398,2,,,0,210,,1399,2,,,0,259,,1400,2,,,0,220,,1401,2,,,0,128,,1402,2,,,0,257,,1403,2,,,0,95,,1405,2,,,0,207,,1404,2,,,0
100,'5228',459,,1406,2,,,0,263,,1407,2,,,0,221,,1408,2,,,0,210,,1409,2,,,0,260,,1410,2,,,0,220,,1411,2,,,0,117,,1412,2,,,0,265,,1413,2,,,0,95,,1415,2,,,0,206,,1414,2,,,0
201,'5224',529,,1463,2,,,0,127,,1466,2,,,0,70,,1458,2,,,0,33,,1459,2,,,0,146,,1457,2,,,0,206,,1461,2,,,0,39,,1462,2,,,0,83,,1469,2,,,0,105,,1464,2,,,0,97,,1465,2,,,0,76,,1456,2,,,0,203,,1455,2,,,0,32,,1471,2,,,0,84,,1454,2,,,0,181,,1453,2,,,0,391,,1470,2,,,0
201,'5226',2207,,1472,2,,,0,117,,1473,2,,,0
201,'5227',554,,1484,2,,,0,87,,1487,2,,,0,165,,1476,2,,,0,52,,1478,2,,,0,183,,1477,2,,,0,78,,1491,2,,,0,89,,1479,2,,,0,98,,1480,2,,,0,123,,1489,2,,,0,24,,1481,2,,,0,171,,1482,2,,,0,107,,1490,2,,,0,103,,1485,2,,,0,172,,1486,2,,,0,39,,1483,2,,,0,96,,1474,2,,,0
201,'5228',554,,1502,2,,,0,87,,1505,2,,,0,166,,1494,2,,,0,51,,1496,2,,,0,183,,1495,2,,,0,76,,1509,2,,,0,91,,1497,2,,,0,42,,1498,2,,,0,176,,1507,2,,,0,75,,1499,2,,,0,124,,1500,2,,,0,100,,1508,2,,,0,109,,1503,2,,,0,167,,1504,2,,,0,44,,1501,2,,,0,96,,1492,2,,,0
300,'5224',644,,1514,2,0,9 10,0,179,,1515,2,0,9 10,0,298,,1516,2,0,9 10,0,138,,1517,2,0,9 10,0,163,,1510,2,0,9 10,0,222,,1512,2,0,9 10,0,76,,1513,2,0,9 10,0,189,,1511,2,0,9 10,0
300,'5226',2144,,1518,2,0,9 10,0
300,'5227',619,,1526,2,0,9 10,0,188,,1520,2,0,9 10,0,115,,1527,2,0,9 10,0,130,,1521,2,0,9 10,0,185,,1522,2,0,9 10,0,218,,1523,2,0,9 10,0,201,,1524,2,0,9 10,0,183,,1525,2,0,9 10,0,280,,1519,2,0,9 10,0
300,'5228',619,,1535,2,0,9 10,0,190,,1529,2,0,9 10,0,113,,1536,2,0,9 10,0,131,,1530,2,0,9 10,0,185,,1531,2,0,9 10,0,211,,1532,2,0,9 10,0,207,,1533,2,0,9 10,0,182,,1534,2,0,9 10,0,281,,1528,2,0,9 10,0
400,'5224',556,,1567,2,,,0,164,,1568,2,,,0,236,,1569,2,,,0,260,,1570,2,,,0,115,,1571,2,,,0,289,,1564,2,,,0,121,,1566,2,,,0,180,,1565,2,,,0
400,'5226',2235,,1572,2,,,0
400,'5227',706,,1580,2,,,0,241,,1575,2,,,0,169,,1574,2,,,0,200,,1577,2,,,0,205,,1576,2,,,0,225,,1578,2,,,0,166,,1579,2,,,0,301,,1573,2,,,0
400,'5228',704,,1588,2,,,0,244,,1583,2,,,0,111,,1582,2,,,0,255,,1585,2,,,0,210,,1584,2,,,0,220,,1586,2,,,0,167,,1587,2,,,0,301,,1581,2,,,0
9000,'5224',518,,1589,2,,,0,28,,1613,2,,,0,75,,1597,2,,,0,22,,1598,2,,,0,66,,1590,2,,,0,28,,1599,2,,,0,66,,1614,2,,,0,26,,1612,2,,,0,27,,1600,2,,,0,73,,1601,2,,,0,30,,1591,2,,,0,72,,1602,2,,,0,81,,1610,2,,,0,26,,1592,2,,,0,75,,1608,2,,,0,25,,1615,2,,,0,91,,1611,2,,,0,73,,1603,2,,,0,30,,1593,2,,,0,98,,1604,2,,,0,20,,1609,2,,,0,72,,1605,2,,,0,99,,1594,2,,,0,92,,1616,2,,,0,95,,1606,2,,,0,35,,1596,2,,,0,92,,1607,2,,,0,95,,1595,2,,,0
9000,'5225',1300,,1617,2,,,0,158,,1618,2,,,0,183,,1619,2,,,0
9000,'5226',1300,,1620,2,,,0,158,,1621,2,,,0,183,,1622,2,,,0
9000,'5227',617,,1623,2,,,0,123,,1633,2,,,0,118,,1624,2,,,0,89,,1636,2,,,0,10,,1635,2,,,0,155,,1628,2,,,0,90,,1637,2,,,0,10,,1634,2,,,0,88,,1625,2,,,0,128,,1631,2,,,0,117,,1626,2,,,0,95,,1638,2,,,0,10,,1630,2,,,0,155,,1629,2,,,0,109,,1632,2,,,0,114,,1627,2,,,0
9000,'5228',617,,1639,2,,,0,122,,1647,2,,,0,120,,1640,2,,,0,89,,1654,2,,,0,10,,1649,2,,,0,154,,1643,2,,,0,97,,1648,2,,,0,94,,1641,2,,,0,118,,1653,2,,,0,10,,1650,2,,,0,122,,1651,2,,,0,90,,1652,2,,,0,10,,1645,2,,,0,153,,1644,2,,,0,110,,1646,2,,,0,114,,1642,2,,,0
