201,'5106',536,,1117,9,,,0,167,,1120,9,,,0,30,,1112,9,,,0,73,,1113,9,,,0,106,,1111,9,,,0,206,,1115,9,,,0,39,,1116,9,,,0,83,,1123,9,,,0,105,,1118,9,,,0,98,,1119,9,,,0,76,,1110,9,,,0,202,,1109,9,,,0,116,,1108,9,,,0,181,,1107,9,,,0,391,,1124,9,,,0
201,'5107',1753,,1125,9,,,0
201,'5108',1753,,1128,9,,,0,461,,1126,9,,,0,117,,1127,9,,,0
201,'5109',601,,1139,9,,,0,47,,1142,9,,,0,168,,1131,9,,,0,89,,1133,9,,,0,133,,1132,9,,,0,86,,1146,9,,,0,94,,1134,9,,,0,95,,1135,9,,,0,123,,1144,9,,,0,69,,1136,9,,,0,126,,1137,9,,,0,107,,1145,9,,,0,103,,1140,9,,,0,172,,1141,9,,,0,35,,1138,9,,,0,97,,1129,9,,,0
201,'5110',601,,1157,9,,,0,47,,1160,9,,,0,169,,1149,9,,,0,92,,1151,9,,,0,129,,1150,9,,,0,83,,1164,9,,,0,97,,1152,9,,,0,102,,1153,9,,,0,116,,1162,9,,,0,72,,1154,9,,,0,121,,1155,9,,,0,113,,1163,9,,,0,99,,1158,9,,,0,173,,1159,9,,,0,35,,1156,9,,,0,99,,1147,9,,,0
400,'5106',600,,1223,6,,,0,124,,1224,6,,,0,276,,1225,6,,,0,220,,1226,6,,,0,115,,1227,6,,,0,410,,1222,6,,,0,180,,1221,6,,,0
400,'5107',1624,,1228,6,,,0
400,'5108',1624,,1230,6,,,0,615,,1229,6,,,0
400,'5109',710,,1238,6,,,0,241,,1233,6,,,0,162,,1232,6,,,0,207,,1235,6,,,0,206,,1234,6,,,0,224,,1236,6,,,0,166,,1237,6,,,0,302,,1231,6,,,0
400,'5110',710,,1246,6,,,0,242,,1241,6,,,0,159,,1240,6,,,0,206,,1243,6,,,0,214,,1242,6,,,0,222,,1244,6,,,0,163,,1245,6,,,0,302,,1239,6,,,0
