201,'5224',508,,772,9,4,,0,9,,779,9,4,,0,11,,775,1,,,0,20,,775,25,4,,0,71,,780,9,4,,0,36,,778,1,,,0,61,,778,25,4,,0,9,,770,1,,,0,21,,770,25,4,,0,12,,771,1,,,0,61,,771,25,4,,0,85,,769,1,,,0,21,,769,25,4,,0,185,,773,1,,,0,22,,773,25,4,,0,17,,774,1,,,0,63,,774,25,4,,0,20,,781,1,,,0,23,,781,25,4,,0,82,,776,1,,,0,63,,776,25,4,,0,34,,777,1,,,0,24,,777,25,4,,0,52,,768,1,,,0,24,,768,25,4,,0,179,,767,1,,,0,22,,767,25,4,,0,10,,783,1,,,0,62,,783,25,4,,0,22,,766,1,,,0,21,,766,25,4,,0,160,,765,1,,,0,20,,765,25,4,,0,371,,782,1,,,0
201,'5226',2206,,784,1,,,0,20,,784,25,4,,0,97,,785,1,,,0,18,,785,25,4,,0
201,'5227',456,,800,9,4,,0,97,,796,1,,,0,61,,796,25,4,,0,1,,787,9,4,,0,25,,799,1,,,0,62,,799,25,4,,0,103,,788,1,,,0,22,,788,25,4,,0,30,,790,1,,,0,62,,790,25,4,,0,121,,789,1,,,0,63,,789,25,4,,0,15,,803,1,,,0,23,,803,25,4,,0,66,,791,1,,,0,23,,791,25,4,,0,75,,792,1,,,0,24,,792,25,4,,0,99,,801,1,,,0,24,,801,25,4,,0,62,,793,25,4,,0,109,,794,1,,,0,21,,794,25,4,,0,86,,802,1,,,0,21,,802,25,4,,0,82,,797,1,,,0,20,,797,25,4,,0,152,,798,1,,,0,20,,798,25,4,,0,19,,795,1,,,0,60,,795,25,4,,0,36,,786,1,,,0,19,,786,25,4,,0
201,'5228',456,,818,9,4,,0,97,,814,1,,,0,60,,814,25,4,,0,2,,805,9,4,,0,25,,817,1,,,0,60,,817,25,4,,0,106,,806,1,,,0,21,,806,25,4,,0,30,,808,1,,,0,61,,808,25,4,,0,122,,807,1,,,0,61,,807,25,4,,0,15,,821,1,,,0,21,,821,25,4,,0,70,,809,1,,,0,21,,809,25,4,,0,21,,810,1,,,0,61,,810,25,4,,0,115,,819,1,,,0,21,,819,25,4,,0,54,,811,1,,,0,21,,811,25,4,,0,103,,812,1,,,0,21,,812,25,4,,0,79,,820,1,,,0,21,,820,25,4,,0,88,,815,1,,,0,21,,815,25,4,,0,146,,816,1,,,0,21,,816,25,4,,0,23,,813,1,,,0,61,,813,25,4,,0,35,,804,1,,,0,60,,804,25,4,,0
300,'5224',643,,826,1,0,9 10,0,179,,827,1,0,9 10,0,298,,828,1,0,9 10,0,138,,829,1,0,9 10,0,163,,822,1,0,9 10,0,222,,824,1,0,9 10,0,76,,825,1,0,9 10,0,189,,823,1,0,9 10,0
300,'5226',2143,,830,1,0,9 10,0
300,'5227',618,,838,1,0,9 10,0,188,,832,1,0,9 10,0,115,,839,1,0,9 10,0,130,,833,1,0,9 10,0,185,,834,1,0,9 10,0,218,,835,1,0,9 10,0,201,,836,1,0,9 10,0,183,,837,1,0,9 10,0,280,,831,1,0,9 10,0
300,'5228',618,,847,1,0,9 10,0,190,,841,1,0,9 10,0,113,,848,1,0,9 10,0,131,,842,1,0,9 10,0,185,,843,1,0,9 10,0,211,,844,1,0,9 10,0,207,,845,1,0,9 10,0,182,,846,1,0,9 10,0,281,,840,1,0,9 10,0
301,'5224',701,,855,15,4,,0,140,,856,15,4,,0,302,,849,15,4,,0,178,,854,15,4,,0,123,,853,15,4,,0,259,,850,15,4,,0,35,,852,15,4,,0,189,,851,15,4,,0
301,'5226',2204,,857,15,4,,0
301,'5227',637,,862,15,4,,0,188,,865,15,4,,0,115,,866,15,4,,0,170,,859,15,4,,0,147,,861,15,4,,0,257,,860,15,4,,0,201,,858,15,4,,0,141,,864,15,4,,0,280,,863,15,4,,0
301,'5228',637,,870,15,4,,0,190,,874,15,4,,0,113,,875,15,4,,0,171,,868,15,4,,0,146,,872,15,4,,0,251,,869,15,4,,0,206,,867,15,4,,0,141,,873,15,4,,0,281,,871,15,4,,0
400,'5224',555,,879,1,,,0,85,,879,60,4,,0,79,,880,1,,,0,86,,880,60,4,,0,150,,881,1,,,0,85,,881,60,4,,0,175,,882,1,,,0,85,,882,60,4,,0,30,,883,1,,,0,85,,883,60,4,,0,204,,876,1,,,0,83,,876,60,4,,0,38,,878,1,,,0,85,,878,60,4,,0,95,,877,1,,,0,85,,877,60,4,,0
400,'5226',2235,,884,1,,,0,86,,884,64,4,,0
400,'5227',705,,892,1,,,0,46,,892,60,4,,0,195,,887,1,,,0,89,,887,60,4,,0,80,,886,1,,,0,100,,886,62,4,,0,100,,889,1,,,0,90,,889,60,4,,0,115,,888,1,,,0,100,,888,62,4,,0,125,,890,1,,,0,88,,890,60,4,,0,78,,891,1,,,0,46,,891,60,4,,0,255,,885,1,,,0,46,,885,60,4,,0
400,'5228',703,,900,1,,,0,48,,900,60,4,,0,196,,895,1,,,0,88,,895,60,4,,0,23,,894,1,,,0,100,,894,62,4,,0,155,,897,1,,,0,87,,897,60,4,,0,123,,896,1,,,0,99,,896,62,4,,0,121,,898,1,,,0,87,,898,60,4,,0,80,,899,1,,,0,47,,899,60,4,,0,254,,893,1,,,0,47,,893,60,4,,0
