201,'5106',504,,1114,5,,,0,9,,1121,5,,,0,31,,1117,21,,,0,71,,1122,5,,,0,97,,1120,21,,,0,30,,1112,21,,,0,73,,1113,21,,,0,106,,1111,21,,,0,207,,1115,21,,,0,79,,1116,21,,,0,43,,1123,21,,,0,105,,1118,21,,,0,98,,1119,21,,,0,76,,1110,21,,,0,202,,1109,21,,,0,115,,1108,21,,,0,180,,1107,21,,,0
201,'5107',1803,,1125,21,,,0
201,'5108',1803,,1128,21,,,0,419,,1126,21,,,0,116,,1127,21,,,0
201,'5109',452,,1143,5,,,0,158,,1139,21,,,0,1,,1130,5,,,0,46,,1142,21,,,0,168,,1131,21,,,0,89,,1133,21,,,0,134,,1132,21,,,0,86,,1146,21,,,0,94,,1134,21,,,0,96,,1135,21,,,0,123,,1144,21,,,0,68,,1136,21,,,0,125,,1137,21,,,0,107,,1145,21,,,0,102,,1140,21,,,0,172,,1141,21,,,0,35,,1138,21,,,0,96,,1129,21,,,0
201,'5110',452,,1161,5,,,0,158,,1157,21,,,0,1,,1148,5,,,0,46,,1160,21,,,0,169,,1149,21,,,0,92,,1151,21,,,0,130,,1150,21,,,0,83,,1164,21,,,0,97,,1152,21,,,0,103,,1153,21,,,0,116,,1162,21,,,0,71,,1154,21,,,0,120,,1155,21,,,0,113,,1163,21,,,0,98,,1158,21,,,0,173,,1159,21,,,0,35,,1156,21,,,0,98,,1147,21,,,0
400,'5106',637,,1223,56,,,0,165,,1224,56,,,0,235,,1225,56,,,0,220,,1226,56,,,0,155,,1227,56,,,0,410,,1222,56,,,0,180,,1221,56,,,0
400,'5107',1700,,1228,56,,,0
400,'5108',1700,,1230,56,,,0,618,,1229,60,,,0
400,'5109',748,,1238,56,,,0,284,,1233,56,,,0,122,,1232,56,,,0,248,,1235,56,,,0,204,,1234,56,,,0,224,,1236,56,,,0,124,,1237,56,,,0,301,,1231,56,,,0
400,'5110',748,,1246,56,,,0,284,,1241,56,,,0,120,,1240,56,,,0,207,,1243,56,,,0,252,,1242,56,,,0,222,,1244,56,,,0,121,,1245,56,,,0,301,,1239,56,,,0
