100,'5224',509,,1728,1,,,0,41,,1730,1,,,0,170,,1727,1,,,0,93,,1732,1,0,5 6 2,0,127,,1729,1,,,0,105,,1731,1,,,0,102,,1394,1,0,5 6 2,0,112,,1380,1,,,0,147,,1733,1,0,5 6 2,0,122,,1721,1,,,0,98,,1381,1,0,5 6 2,0,119,,1722,1,,,0,109,,1723,1,,,0,166,,1724,1,,,0,90,,1382,1,,,0,113,,1725,1,0,7 8,0,79,,1726,1,,,0
100,'5227',459,,1734,1,,,0,260,,1735,1,,,0,222,,1736,1,,,0,210,,1737,1,,,0,259,,1738,1,,,0,220,,1739,1,,,0,128,,1740,1,,,0,257,,1741,1,,,0,95,,1405,1,,,0,207,,1742,1,,,0
100,'5228',459,,1406,1,,,0,263,,1407,1,,,0,221,,1743,1,,,0,210,,1744,1,,,0,260,,1745,1,,,0,220,,1746,1,,,0,117,,1747,1,,,0,265,,1748,1,,,0,95,,1750,1,,,0,206,,1749,1,,,0
101,'5224',723,,1758,91,4,,0,85,,1762,97,4,,0,134,,1759,91,4,,0,159,,1760,91,4,,0,101,,1761,91,4,,0,124,,1763,97,4,,0,98,,1432,91,4,,0,112,,1431,97,4,,0,102,,1751,91,4,,0,116,,1752,97,4,,0,94,,1418,91,4,,0,165,,1753,91,4,,0,100,,1754,91,4,,0,119,,1755,91,4,,0,99,,1422,91,4,,0,28,,1756,71,4,,0,173,,1757,91,4,,0
101,'5227',708,,1764,91,4,,0,233,,1768,91,4,,0,264,,1770,91,4,,0,220,,1769,91,4,,0,212,,1771,91,4,,0,214,,1772,91,4,,0,163,,1767,91,4,,0,220,,1766,91,4,,0,95,,1442,91,4,,0,202,,1765,91,4,,0
101,'5228',707,,1443,91,4,,0,232,,1447,91,4,,0,263,,1777,91,4,,0,217,,1776,91,4,,0,215,,1778,91,4,,0,214,,1779,91,4,,0,164,,1775,91,4,,0,220,,1774,91,4,,0,95,,1780,91,4,,0,202,,1773,91,4,,0
9000,'5224',518,,1887,1,,,0,28,,1911,1,,,0,75,,1895,1,,,0,22,,1896,1,,,0,66,,1888,1,,,0,27,,1897,1,,,0,66,,1912,1,,,0,26,,1910,1,,,0,27,,1898,1,,,0,73,,1899,1,,,0,30,,1889,1,,,0,72,,1900,1,,,0,81,,1908,1,,,0,26,,1890,1,,,0,75,,1906,1,,,0,25,,1913,1,,,0,91,,1909,1,,,0,73,,1901,1,,,0,30,,1891,1,,,0,98,,1902,1,,,0,20,,1907,1,,,0,72,,1903,1,,,0,99,,1892,1,,,0,92,,1914,1,,,0,96,,1904,1,,,0,35,,1894,1,,,0,92,,1905,1,,,0,95,,1893,1,,,0
9000,'5225',1259,,1915,1,,,0,198,,1916,1,,,0,183,,1917,1,,,0
9000,'5226',1259,,1918,1,,,0,198,,1919,1,,,0,183,,1920,1,,,0
9000,'5227',617,,1921,1,,,0,123,,1931,1,,,0,117,,1922,1,,,0,89,,1934,1,,,0,10,,1933,1,,,0,155,,1926,1,,,0,90,,1935,1,,,0,10,,1932,1,,,0,48,,1923,1,,,0,168,,1929,1,,,0,117,,1924,1,,,0,95,,1936,1,,,0,10,,1928,1,,,0,155,,1927,1,,,0,109,,1930,1,,,0,115,,1925,1,,,0
9000,'5228',617,,1937,1,,,0,122,,1945,1,,,0,119,,1938,1,,,0,89,,1952,1,,,0,10,,1947,1,,,0,154,,1941,1,,,0,97,,1946,1,,,0,94,,1939,1,,,0,118,,1951,1,,,0,10,,1948,1,,,0,122,,1949,1,,,0,90,,1950,1,,,0,10,,1943,1,,,0,153,,1942,1,,,0,110,,1944,1,,,0,115,,1940,1,,,0
9001,'5224',638,,1953,51,4,,0,71,,1961,54,4,,0,38,,1962,54,4,,0,76,,1963,54,4,,0,28,,1977,51,4,,0,67,,1954,54,4,,0,20,,1964,54,4,,0,62,,1965,54,4,,0,35,,1966,54,4,,0,24,,1974,51,4,,0,71,,1957,54,4,,0,72,,1967,51,4,,0,51,,1975,54,4,,0,67,,1968,54,4,,0,35,,1956,51,4,,0,72,,1972,54,4,,0,80,,1976,54,4,,0,42,,1970,51,4,,0,65,,1955,54,4,,0,97,,1969,54,4,,0,12,,1979,51,4,,0,82,,1973,51,4,,0,53,,1980,54,4,,0,90,,1960,54,4,,0,97,,1958,51,4,,0,78,,1978,54,4,,0,85,,1971,54,4,,0,100,,1959,54,4,,0
9001,'5225',1442,,1981,54,4,,0,193,,1982,51,4,,0,189,,1983,54,4,,0
9001,'5226',1442,,1984,54,4,,0,193,,1985,51,4,,0,189,,1986,54,4,,0
9001,'5227',754,,1991,54,4,,0,159,,1993,51,4,,0,122,,1990,54,4,,0,99,,1998,51,4,,0,2,,2000,51,4,,0,118,,1989,51,4,,0,103,,1997,54,4,,0,2,,2001,54,4,,0,78,,1992,54,4,,0,174,,1994,51,4,,0,114,,1999,54,4,,0,98,,1995,51,4,,0,2,,2002,51,4,,0,121,,1996,51,4,,0,102,,1988,54,4,,0,160,,1987,54,4,,0
9001,'5228',753,,2008,54,4,,0,157,,2009,51,4,,0,122,,2007,54,4,,0,99,,2014,51,4,,0,2,,2016,51,4,,0,118,,2006,51,4,,0,104,,2013,54,4,,0,80,,2005,54,4,,0,174,,2010,51,4,,0,2,,2017,51,4,,0,112,,2015,54,4,,0,99,,2011,51,4,,0,2,,2018,51,4,,0,121,,2012,51,4,,0,102,,2004,54,4,,0,160,,2003,54,4,,0
