300,'5106',650,,1168,11,4,,0,179,,1169,11,4,,0,300,,1170,11,4,,0,178,,1171,11,4,,0,123,,1165,11,4,,0,221,,1167,11,4,,0,265,,1166,11,4,,0
300,'5107',1727,,1172,11,4,,0
300,'5108',1727,,1173,11,4,,0,423,,1174,11,4,,0
300,'5109',625,,1182,11,4,,0,179,,1176,11,4,,0,124,,1183,11,4,,0,130,,1177,11,4,,0,187,,1178,11,4,,0,258,,1179,11,4,,0,205,,1180,11,4,,0,134,,1181,11,4,,0,280,,1175,11,4,,0
300,'5110',625,,1191,11,4,,0,179,,1185,11,4,,0,124,,1192,11,4,,0,130,,1186,11,4,,0,187,,1187,11,4,,0,262,,1188,11,4,,0,199,,1189,11,4,,0,136,,1190,11,4,,0,283,,1184,11,4,,0
301,'5106',650,,1198,1,0,9 10,0,179,,1199,1,0,9 10,0,300,,1193,1,0,9 10,0,178,,1197,1,0,9 10,0,123,,1196,1,0,9 10,0,221,,1194,1,0,9 10,0,265,,1195,1,0,9 10,0
301,'5107',1727,,1200,1,0,9 10,0
301,'5108',1727,,1202,1,0,9 10,0,423,,1201,1,0,9 10,0
301,'5109',625,,1207,1,0,9 10,0,179,,1210,1,0,9 10,0,124,,1211,1,0,9 10,0,131,,1204,1,0,9 10,0,186,,1206,1,0,9 10,0,258,,1205,1,0,9 10,0,205,,1203,1,0,9 10,0,134,,1209,1,0,9 10,0,280,,1208,1,0,9 10,0
301,'5110',625,,1215,1,0,9 10,0,179,,1219,1,0,9 10,0,124,,1220,1,0,9 10,0,130,,1213,1,0,9 10,0,187,,1217,1,0,9 10,0,262,,1214,1,0,9 10,0,199,,1212,1,0,9 10,0,136,,1218,1,0,9 10,0,283,,1216,1,0,9 10,0
