201,'5106',508,,1114,8,,,0,9,,1121,8,,,0,31,,1117,24,,,0,71,,1122,8,,,0,97,,1120,24,,,0,30,,1112,24,,,0,73,,1113,24,,,0,106,,1111,24,,,0,207,,1115,24,,,0,80,,1116,24,,,0,43,,1123,24,,,0,145,,1118,24,,,0,58,,1119,24,,,0,76,,1110,24,,,0,201,,1109,24,,,0,115,,1108,24,,,0,180,,1107,24,,,0
201,'5107',1807,,1125,24,,,0
201,'5108',1807,,1128,24,,,0,419,,1126,24,,,0,115,,1127,24,,,0
201,'5109',456,,1143,8,,,0,158,,1139,24,,,0,1,,1130,8,,,0,87,,1142,24,,,0,128,,1131,24,,,0,89,,1133,24,,,0,134,,1132,24,,,0,86,,1146,24,,,0,94,,1134,24,,,0,96,,1135,24,,,0,123,,1144,24,,,0,67,,1136,24,,,0,125,,1137,24,,,0,107,,1145,24,,,0,102,,1140,24,,,0,172,,1141,24,,,0,75,,1138,24,,,0,56,,1129,24,,,0
201,'5110',456,,1161,8,,,0,158,,1157,24,,,0,1,,1148,8,,,0,87,,1160,24,,,0,129,,1149,24,,,0,92,,1151,24,,,0,130,,1150,24,,,0,83,,1164,24,,,0,97,,1152,24,,,0,103,,1153,24,,,0,116,,1162,24,,,0,70,,1154,24,,,0,120,,1155,24,,,0,113,,1163,24,,,0,98,,1158,24,,,0,173,,1159,24,,,0,75,,1156,24,,,0,58,,1147,24,,,0
301,'5106',700,,1198,14,0,9 10,0,140,,1199,14,0,9 10,0,302,,1193,14,0,9 10,0,178,,1197,14,0,9 10,0,123,,1196,14,0,9 10,0,259,,1194,14,0,9 10,0,224,,1195,14,0,9 10,0
301,'5107',1737,,1200,14,0,9 10,0
301,'5108',1737,,1202,14,0,9 10,0,466,,1201,14,0,9 10,0
301,'5109',636,,1207,14,0,9 10,0,179,,1210,14,0,9 10,0,124,,1211,14,0,9 10,0,171,,1204,14,0,9 10,0,146,,1206,14,0,9 10,0,258,,1205,14,0,9 10,0,205,,1203,14,0,9 10,0,133,,1209,14,0,9 10,0,280,,1208,14,0,9 10,0
301,'5110',636,,1215,14,0,9 10,0,179,,1219,14,0,9 10,0,124,,1220,14,0,9 10,0,170,,1213,14,0,9 10,0,147,,1217,14,0,9 10,0,262,,1214,14,0,9 10,0,199,,1212,14,0,9 10,0,135,,1218,14,0,9 10,0,283,,1216,14,0,9 10,0
400,'5106',640,,1223,59,,,0,165,,1224,59,,,0,235,,1225,59,,,0,260,,1226,59,,,0,115,,1227,59,,,0,410,,1222,59,,,0,180,,1221,59,,,0
400,'5107',1702,,1228,59,,,0
400,'5108',1702,,1230,59,,,0,619,,1229,63,,,0
400,'5109',751,,1238,59,,,0,283,,1233,59,,,0,122,,1232,59,,,0,248,,1235,59,,,0,205,,1234,59,,,0,224,,1236,59,,,0,124,,1237,59,,,0,301,,1231,59,,,0
400,'5110',751,,1246,59,,,0,284,,1241,59,,,0,119,,1240,59,,,0,248,,1243,59,,,0,212,,1242,59,,,0,222,,1244,59,,,0,121,,1245,59,,,0,301,,1239,59,,,0
