100,'4822',542,,691,67,,,0,264,,692,67,,,0,223,,693,67,,,0,211,,694,67,,,0,217,,695,67,,,0,264,,696,67,,,0,118,,697,67,,,0,261,,698,67,,,0,55,,700,67,,,0,245,,699,67,,,0
100,'4826',542,,701,67,,,0,264,,702,67,,,0,223,,703,67,,,0,211,,704,67,,,0,217,,705,67,,,0,264,,706,67,,,0,123,,707,67,,,0,256,,708,67,,,0,55,,371,67,,,0,245,,709,67,,,0
100,'5106',1240,,360,73,0,5 6 2,0,105,,346,67,,,0,375,,347,73,0,5 6 2,0
100,'5315',551,,355,67,,,0,81,,357,67,,,0,173,,354,67,,,0,100,,359,73,0,5 6 2,0,120,,356,67,,,0,105,,358,67,,,0,370,,361,73,0,5 6 2,0,114,,345,67,,,0,224,,349,67,,,0,101,,350,67,,,0,166,,351,67,,,0,50,,348,67,,,0,153,,352,67,0,7 8,0,38,,353,67,,,0
100,'5316',551,,718,67,,,0,81,,720,67,,,0,173,,717,67,,,0,100,,722,73,0,5 6 2,0,120,,719,67,,,0,105,,721,67,,,0,370,,723,73,0,5 6 2,0,114,,710,67,,,0,224,,712,67,,,0,101,,713,67,,,0,166,,714,67,,,0,50,,711,67,,,0,153,,715,67,0,7 8,0,38,,716,67,,,0
101,'4822',617,,724,17,,,0,232,,728,17,,,0,261,,730,17,,,0,220,,729,17,,,0,214,,731,17,,,0,260,,732,17,,,0,125,,727,17,,,0,215,,726,17,,,0,95,,733,17,,,0,204,,725,17,,,0
101,'4826',617,,734,17,,,0,232,,738,17,,,0,261,,740,17,,,0,220,,739,17,,,0,214,,741,17,,,0,260,,742,17,,,0,125,,737,17,,,0,215,,736,17,,,0,95,,408,17,,,0,204,,735,17,,,0
101,'5106',1328,,398,17,,,0,115,,397,17,,,0,360,,384,17,,,0
101,'5315',632,,391,17,,,0,82,,395,17,,,0,135,,392,17,,,0,154,,393,17,,,0,105,,394,17,,,0,104,,396,17,,,0,331,,382,17,,,0,160,,383,17,,,0,220,,385,17,,,0,100,,386,17,,,0,120,,387,17,,,0,100,,388,17,,,0,201,,390,17,,,0
101,'5316',632,,751,17,,,0,82,,755,17,,,0,135,,752,17,,,0,154,,753,17,,,0,105,,754,17,,,0,104,,756,17,,,0,331,,743,17,,,0,160,,744,17,,,0,220,,745,17,,,0,100,,746,17,,,0,120,,747,17,,,0,100,,748,17,,,0,201,,750,17,,,0
