100,'4706',555,,11,75,,,0,81,,13,75,,,0,174,,10,75,,,0,100,,15,81,0,5 6 2,0,125,,12,75,,,0,100,,14,75,,,0,110,,16,81,0,5 6 2,0,105,,2,75,,,0,155,,17,81,0,5 6 2,0,54,,1,75,,,0,166,,3,81,0,5 6 2,0,123,,5,75,,,0,100,,6,75,,,0,161,,7,75,,,0,95,,4,75,,,0,146,,9,75,,,0
100,'5010',545,,27,75,,,0,265,,28,75,,,0,221,,29,75,,,0,211,,30,75,,,0,217,,31,75,,,0,265,,32,75,,,0,124,,33,75,,,0,256,,34,75,,,0,300,,35,75,,,0
100,'5106',555,,355,75,,,0,81,,357,75,,,0,174,,354,75,,,0,100,,359,81,0,5 6 2,0,120,,356,75,,,0,105,,358,75,,,0,110,,360,81,0,5 6 2,0,105,,346,75,,,0,155,,361,81,0,5 6 2,0,114,,345,75,,,0,106,,347,81,0,5 6 2,0,118,,349,75,,,0,100,,350,75,,,0,166,,351,75,,,0,50,,348,75,,,0,191,,353,75,,,0
100,'5109',546,,362,75,,,0,264,,363,75,,,0,223,,364,75,,,0,211,,365,75,,,0,257,,366,75,,,0,224,,367,75,,,0,123,,368,75,,,0,256,,369,75,,,0,55,,371,75,,,0,245,,370,75,,,0
100,'5110',546,,372,75,,,0,264,,373,75,,,0,223,,374,75,,,0,211,,375,75,,,0,257,,376,75,,,0,224,,377,75,,,0,118,,378,75,,,0,261,,379,75,,,0,55,,381,75,,,0,245,,380,75,,,0
101,'4706',636,,45,25,,,0,82,,49,25,,,0,135,,46,25,,,0,154,,47,25,,,0,110,,48,25,,,0,99,,50,25,,,0,116,,52,25,,,0,115,,51,25,,,0,100,,36,25,,,0,95,,37,25,,,0,165,,38,25,,,0,125,,39,25,,,0,100,,40,25,,,0,115,,41,25,,,0,100,,42,25,,,0,68,,43,5,,,0,133,,44,25,,,0
101,'5010',621,,62,25,,,0,232,,66,25,,,0,260,,68,25,,,0,219,,67,25,,,0,215,,69,25,,,0,260,,70,25,,,0,125,,65,25,,,0,215,,64,25,,,0,300,,63,25,,,0
101,'5106',636,,391,25,,,0,82,,395,25,,,0,135,,392,25,,,0,154,,393,25,,,0,105,,394,25,,,0,104,,396,25,,,0,116,,398,25,,,0,115,,397,25,,,0,100,,382,25,,,0,160,,383,25,,,0,100,,384,25,,,0,120,,385,25,,,0,100,,386,25,,,0,120,,387,25,,,0,100,,388,25,,,0,68,,389,5,,,0,133,,390,25,,,0
101,'5109',621,,399,25,,,0,232,,403,25,,,0,261,,405,25,,,0,220,,404,25,,,0,214,,406,25,,,0,260,,407,25,,,0,125,,402,25,,,0,215,,401,25,,,0,95,,408,25,,,0,204,,400,25,,,0
101,'5110',621,,409,25,,,0,232,,413,25,,,0,261,,415,25,,,0,220,,414,25,,,0,214,,416,25,,,0,260,,417,25,,,0,125,,412,25,,,0,215,,411,25,,,0,95,,418,25,,,0,204,,410,25,,,0
