201,'4706',537,,81,11,,,0,168,,84,11,,,0,30,,76,11,,,0,81,,77,11,,,0,98,,75,11,,,0,206,,79,11,,,0,39,,80,11,,,0,83,,87,11,,,0,105,,82,11,,,0,103,,83,11,,,0,76,,74,11,,,0,199,,73,11,,,0,119,,71,11,,,0,180,,72,11,,,0,386,,88,11,,,0
201,'4707',1755,,91,11,,,0,460,,89,11,,,0,117,,90,11,,,0
201,'4890',1755,,92,11,,,0
201,'5009',602,,103,11,,,0,48,,106,11,,,0,168,,95,11,,,0,89,,97,11,,,0,117,,329,11,,,0,102,,110,11,,,0,94,,98,11,,,0,95,,99,11,,,0,124,,108,11,,,0,72,,330,11,,,0,122,,101,11,,,0,108,,109,11,,,0,102,,104,11,,,0,164,,105,11,,,0,52,,102,11,,,0,87,,93,11,,,0
201,'5010',602,,121,11,,,0,48,,124,11,,,0,168,,113,11,,,0,89,,115,11,,,0,117,,331,11,,,0,102,,128,11,,,0,94,,116,11,,,0,95,,117,11,,,0,124,,126,11,,,0,72,,332,11,,,0,122,,119,11,,,0,108,,127,11,,,0,102,,122,11,,,0,164,,123,11,,,0,52,,120,11,,,0,87,,111,11,,,0
201,'5106',537,,429,11,,,0,168,,432,11,,,0,30,,424,11,,,0,73,,425,11,,,0,106,,423,11,,,0,206,,427,11,,,0,39,,428,11,,,0,83,,435,11,,,0,105,,430,11,,,0,98,,431,11,,,0,76,,422,11,,,0,202,,421,11,,,0,116,,420,11,,,0,180,,419,11,,,0,391,,436,11,,,0
201,'5107',1755,,437,11,,,0
201,'5108',1755,,440,11,,,0,460,,438,11,,,0,117,,439,11,,,0
201,'5109',603,,451,11,,,0,47,,454,11,,,0,168,,443,11,,,0,89,,445,11,,,0,133,,444,11,,,0,86,,458,11,,,0,94,,446,11,,,0,95,,447,11,,,0,123,,456,11,,,0,69,,448,11,,,0,126,,449,11,,,0,107,,457,11,,,0,103,,452,11,,,0,172,,453,11,,,0,35,,450,11,,,0,96,,441,11,,,0
201,'5110',603,,469,11,,,0,47,,472,11,,,0,169,,461,11,,,0,92,,463,11,,,0,129,,462,11,,,0,83,,476,11,,,0,97,,464,11,,,0,102,,465,11,,,0,116,,474,11,,,0,72,,466,11,,,0,121,,467,11,,,0,113,,475,11,,,0,99,,470,11,,,0,173,,471,11,,,0,35,,468,11,,,0,98,,459,11,,,0
400,'4707',2240,,192,8,,,0
400,'5108',2240,,541,8,,,0
