100,'4706',552,,11,68,,,0,81,,13,68,,,0,172,,10,68,,,0,100,,15,74,0,5 6 2,0,125,,12,68,,,0,100,,14,68,,,0,110,,16,74,0,5 6 2,0,105,,2,68,,,0,155,,17,74,0,5 6 2,0,54,,1,68,,,0,166,,3,74,0,5 6 2,0,124,,5,68,,,0,100,,6,68,,,0,161,,7,68,,,0,95,,4,68,,,0,108,,8,68,0,7 8,0,38,,9,68,,,0
100,'5009',542,,18,68,,,0,263,,19,68,,,0,221,,20,68,,,0,211,,21,68,,,0,217,,22,68,,,0,265,,23,68,,,0,125,,24,68,,,0,256,,25,68,,,0,300,,26,68,,,0
100,'5010',542,,27,68,,,0,263,,28,68,,,0,221,,29,68,,,0,211,,30,68,,,0,217,,31,68,,,0,265,,32,68,,,0,125,,33,68,,,0,256,,34,68,,,0,300,,35,68,,,0
100,'5106',552,,355,68,,,0,81,,357,68,,,0,172,,354,68,,,0,100,,359,74,0,5 6 2,0,120,,356,68,,,0,105,,358,68,,,0,110,,360,74,0,5 6 2,0,105,,346,68,,,0,155,,361,74,0,5 6 2,0,114,,345,68,,,0,106,,347,74,0,5 6 2,0,118,,349,68,,,0,101,,350,68,,,0,166,,351,68,,,0,50,,348,68,,,0,153,,352,68,0,7 8,0,38,,353,68,,,0
100,'5109',542,,362,68,,,0,264,,363,68,,,0,223,,364,68,,,0,211,,365,68,,,0,217,,366,68,,,0,264,,367,68,,,0,123,,368,68,,,0,256,,369,68,,,0,55,,371,68,,,0,245,,370,68,,,0
100,'5110',542,,372,68,,,0,264,,373,68,,,0,223,,374,68,,,0,211,,375,68,,,0,217,,376,68,,,0,264,,377,68,,,0,118,,378,68,,,0,261,,379,68,,,0,55,,381,68,,,0,245,,380,68,,,0
101,'4706',632,,45,18,,,0,82,,49,18,,,0,135,,46,18,,,0,154,,47,18,,,0,110,,48,18,,,0,99,,50,18,,,0,116,,52,18,,,0,115,,51,18,,,0,100,,36,18,,,0,95,,37,18,,,0,165,,38,18,,,0,125,,39,18,,,0,100,,40,18,,,0,115,,41,18,,,0,100,,42,18,,,0,201,,44,18,,,0
101,'5009',617,,53,18,,,0,232,,57,18,,,0,260,,59,18,,,0,219,,58,18,,,0,215,,60,18,,,0,260,,61,18,,,0,125,,56,18,,,0,215,,55,18,,,0,300,,54,18,,,0
101,'5010',617,,62,18,,,0,232,,66,18,,,0,260,,68,18,,,0,219,,67,18,,,0,215,,69,18,,,0,260,,70,18,,,0,125,,65,18,,,0,215,,64,18,,,0,300,,63,18,,,0
101,'5106',632,,391,18,,,0,82,,395,18,,,0,135,,392,18,,,0,154,,393,18,,,0,105,,394,18,,,0,104,,396,18,,,0,116,,398,18,,,0,115,,397,18,,,0,100,,382,18,,,0,160,,383,18,,,0,100,,384,18,,,0,120,,385,18,,,0,100,,386,18,,,0,120,,387,18,,,0,100,,388,18,,,0,201,,390,18,,,0
101,'5109',617,,399,18,,,0,232,,403,18,,,0,261,,405,18,,,0,220,,404,18,,,0,214,,406,18,,,0,260,,407,18,,,0,125,,402,18,,,0,215,,401,18,,,0,95,,408,18,,,0,204,,400,18,,,0
101,'5110',617,,409,18,,,0,232,,413,18,,,0,261,,415,18,,,0,220,,414,18,,,0,214,,416,18,,,0,260,,417,18,,,0,125,,412,18,,,0,215,,411,18,,,0,95,,418,18,,,0,204,,410,18,,,0
