100,'4532',512,,1010,19,,,0,221,,1011,19,,,0,223,,1012,19,,,0,250,,1013,19,,,0,219,,1014,19,,,0,220,,1015,19,,,0,168,,1016,19,,,0,217,,1017,19,,,0,95,,1019,19,,,0,206,,1018,19,,,0
100,'5106',521,,718,19,,,0,81,,720,19,,,0,131,,717,19,,,0,99,,722,25,0,5 6 2,0,121,,719,19,,,0,105,,721,19,,,0,148,,360,25,0,5 6 2,0,107,,346,19,,,0,113,,723,25,0,5 6 2,0,116,,710,19,,,0,105,,347,25,0,5 6 2,0,158,,712,19,,,0,102,,713,19,,,0,126,,714,19,,,0,90,,711,19,,,0,113,,715,19,0,7 8,0,79,,716,19,,,0
100,'5224',521,,1030,19,,,0,81,,1032,19,,,0,131,,1029,19,,,0,99,,1034,25,0,5 6 2,0,121,,1031,19,,,0,105,,1033,19,,,0,148,,1035,25,0,5 6 2,0,107,,1021,19,,,0,113,,1036,25,0,5 6 2,0,116,,1020,19,,,0,105,,1022,25,0,5 6 2,0,153,,1024,19,,,0,107,,1025,19,,,0,126,,1026,19,,,0,90,,1023,19,,,0,113,,1027,19,0,7 8,0,79,,1028,19,,,0
100,'5228',512,,1037,19,,,0,224,,1038,19,,,0,221,,1039,19,,,0,250,,1040,19,,,0,221,,1041,19,,,0,220,,1042,19,,,0,156,,1043,19,,,0,225,,1044,19,,,0,95,,1046,19,,,0,206,,1045,19,,,0
9000,'4532',631,,1220,19,,,0,123,,1230,19,,,0,158,,1221,19,,,0,90,,1233,19,,,0,10,,1232,19,,,0,115,,1225,19,,,0,90,,1234,19,,,0,10,,1231,19,,,0,89,,1222,19,,,0,128,,1228,19,,,0,157,,1223,19,,,0,55,,1235,19,,,0,50,,1227,19,,,0,114,,1226,19,,,0,108,,1229,19,,,0,114,,1224,19,,,0
9000,'5106',531,,913,19,,,0,28,,937,19,,,0,75,,921,19,,,0,22,,922,19,,,0,68,,914,19,,,0,27,,923,19,,,0,66,,938,19,,,0,26,,936,19,,,0,71,,924,19,,,0,29,,925,19,,,0,70,,915,19,,,0,32,,926,19,,,0,70,,934,19,,,0,37,,916,19,,,0,75,,943,19,,,0,25,,939,19,,,0,62,,927,19,,,0,30,,935,19,,,0,73,,942,19,,,0,30,,917,19,,,0,66,,928,19,,,0,32,,929,19,,,0,60,,933,19,,,0,32,,930,19,,,0,69,,940,19,,,0,29,,918,19,,,0,92,,941,19,,,0,95,,931,19,,,0,35,,920,19,,,0,92,,932,19,,,0,94,,919,19,,,0
9000,'5224',531,,1236,19,,,0,28,,1260,19,,,0,75,,1244,19,,,0,22,,1245,19,,,0,67,,1237,19,,,0,28,,1246,19,,,0,66,,1261,19,,,0,26,,1259,19,,,0,67,,1247,19,,,0,33,,1248,19,,,0,70,,1238,19,,,0,32,,1249,19,,,0,81,,1257,19,,,0,26,,1239,19,,,0,75,,1255,19,,,0,25,,1262,19,,,0,92,,1258,19,,,0,73,,1250,19,,,0,30,,1240,19,,,0,98,,1251,19,,,0,60,,1256,19,,,0,32,,1252,19,,,0,98,,1241,19,,,0,92,,1263,19,,,0,95,,1253,19,,,0,35,,1243,19,,,0,92,,1254,19,,,0,94,,1242,19,,,0
9000,'5225',1314,,1264,19,,,0,199,,1265,19,,,0,143,,1266,19,,,0
9000,'5226',1314,,1267,19,,,0,199,,1268,19,,,0,143,,1269,19,,,0
9000,'5228',630,,1270,19,,,0,123,,1278,19,,,0,160,,1271,19,,,0,89,,1285,19,,,0,10,,1280,19,,,0,115,,1274,19,,,0,98,,1279,19,,,0,93,,1272,19,,,0,118,,1284,19,,,0,10,,1281,19,,,0,162,,1282,19,,,0,50,,1283,19,,,0,50,,1276,19,,,0,113,,1275,19,,,0,109,,1277,19,,,0,114,,1273,19,,,0
