101,'4822',704,,724,85,,,0,233,,728,85,,,0,264,,730,85,,,0,220,,729,85,,,0,212,,731,85,,,0,220,,732,85,,,0,163,,727,85,,,0,215,,726,85,,,0,95,,733,85,,,0,202,,725,85,,,0
101,'4826',704,,734,85,,,0,233,,738,85,,,0,264,,740,85,,,0,220,,739,85,,,0,212,,741,85,,,0,220,,742,85,,,0,163,,737,85,,,0,215,,736,85,,,0,95,,408,85,,,0,202,,735,85,,,0
101,'5106',1420,,398,85,,,0,117,,397,91,,,0,313,,384,85,,,0
101,'5315',719,,391,85,,,0,85,,395,91,,,0,134,,392,85,,,0,114,,393,85,,,0,106,,394,85,,,0,148,,396,91,,,0,328,,382,85,,,0,121,,383,91,,,0,255,,385,85,,,0,100,,386,85,,,0,119,,387,85,,,0,99,,388,85,,,0,28,,389,65,,,0,173,,390,85,,,0
101,'5316',719,,751,85,,,0,85,,755,91,,,0,134,,752,85,,,0,114,,753,85,,,0,106,,754,85,,,0,148,,756,91,,,0,328,,743,85,,,0,121,,744,91,,,0,255,,745,85,,,0,100,,746,85,,,0,119,,747,85,,,0,99,,748,85,,,0,28,,749,65,,,0,173,,750,85,,,0
9001,'4822',749,,949,48,,,0,159,,951,45,,,0,102,,948,48,,,0,119,,956,45,,,0,2,,957,45,,,0,98,,947,45,,,0,123,,955,48,,,0,90,,946,48,,,0,164,,952,45,,,0,4,,959,45,,,0,46,,950,48,,,0,69,,960,48,,,0,98,,953,45,,,0,2,,958,45,,,0,121,,954,45,,,0,97,,945,48,,,0,160,,944,48,,,0
9001,'4826',749,,966,48,,,0,159,,968,45,,,0,102,,965,48,,,0,119,,973,45,,,0,2,,974,45,,,0,98,,964,45,,,0,123,,972,48,,,0,2,,975,48,,,0,88,,963,48,,,0,164,,969,45,,,0,50,,967,48,,,0,167,,970,45,,,0,2,,976,45,,,0,121,,971,45,,,0,97,,962,48,,,0,160,,961,48,,,0
9001,'4967',1350,,977,45,,,0,194,,978,45,,,0
9001,'5315',634,,627,45,,,0,71,,634,48,,,0,37,,635,48,,,0,76,,636,48,,,0,29,,652,45,,,0,62,,628,48,,,0,25,,637,48,,,0,22,,638,48,,,0,72,,639,48,,,0,27,,649,45,,,0,71,,630,48,,,0,80,,640,45,,,0,32,,650,48,,,0,77,,641,48,,,0,35,,656,45,,,0,72,,647,48,,,0,15,,643,48,,,0,72,,651,48,,,0,35,,657,45,,,0,65,,629,48,,,0,26,,644,45,,,0,71,,642,48,,,0,17,,654,45,,,0,34,,648,45,,,0,67,,645,48,,,0,30,,655,48,,,0,95,,633,48,,,0,92,,631,45,,,0,78,,653,48,,,0,85,,646,48,,,0,100,,632,48,,,0
9001,'5316',634,,979,45,,,0,71,,986,48,,,0,37,,987,48,,,0,76,,988,48,,,0,29,,1004,45,,,0,62,,980,48,,,0,25,,989,48,,,0,22,,990,48,,,0,72,,991,48,,,0,27,,1001,45,,,0,71,,982,48,,,0,80,,992,45,,,0,32,,1002,48,,,0,77,,993,48,,,0,107,,999,48,,,0,15,,995,48,,,0,72,,1003,48,,,0,100,,981,48,,,0,26,,996,45,,,0,71,,994,48,,,0,17,,1006,45,,,0,34,,1000,45,,,0,67,,997,48,,,0,30,,1007,48,,,0,95,,985,48,,,0,92,,983,45,,,0,78,,1005,48,,,0,85,,998,48,,,0,100,,984,48,,,0
9001,'5317',1350,,1008,45,,,0,194,,1009,45,,,0
