100,'4706',605,,11,88,,,0,41,,13,88,,,0,174,,10,88,,,0,100,,15,94,0,5 6 2,0,125,,12,88,,,0,100,,14,88,,,0,110,,16,94,0,5 6 2,0,145,,2,88,,,0,115,,17,94,0,5 6 2,0,95,,1,88,,,0,125,,3,94,0,5 6 2,0,124,,5,88,,,0,100,,6,88,,,0,161,,7,88,,,0,95,,4,88,,,0,186,,9,88,,,0
100,'5009',555,,18,88,,,0,265,,19,88,,,0,221,,20,88,,,0,211,,21,88,,,0,258,,22,88,,,0,225,,23,88,,,0,124,,24,88,,,0,256,,25,88,,,0,300,,26,88,,,0
100,'5010',555,,27,88,,,0,265,,28,88,,,0,221,,29,88,,,0,211,,30,88,,,0,258,,31,88,,,0,225,,32,88,,,0,124,,33,88,,,0,256,,34,88,,,0,300,,35,88,,,0
100,'5106',605,,355,88,,,0,41,,357,88,,,0,174,,354,88,,,0,100,,359,94,0,5 6 2,0,120,,356,88,,,0,105,,358,88,,,0,110,,360,94,0,5 6 2,0,145,,346,88,,,0,115,,361,94,0,5 6 2,0,115,,345,88,,,0,105,,347,94,0,5 6 2,0,119,,349,88,,,0,100,,350,88,,,0,166,,351,88,,,0,90,,348,88,,,0,191,,353,88,,,0
100,'5109',557,,362,88,,,0,264,,363,88,,,0,223,,364,88,,,0,211,,365,88,,,0,257,,366,88,,,0,224,,367,88,,,0,123,,368,88,,,0,255,,369,88,,,0,95,,371,88,,,0,205,,370,88,,,0
100,'5110',557,,372,88,,,0,264,,373,88,,,0,223,,374,88,,,0,211,,375,88,,,0,257,,376,88,,,0,224,,377,88,,,0,118,,378,88,,,0,260,,379,88,,,0,95,,381,88,,,0,205,,380,88,,,0
9000,'4706',555,,211,47,,,0,70,,235,54,,,0,75,,219,47,,,0,23,,220,54,,,0,29,,212,54,,,0,67,,221,47,,,0,27,,236,47,,,0,67,,234,54,,,0,30,,222,54,,,0,67,,223,47,,,0,30,,213,47,,,0,73,,224,54,,,0,30,,232,54,,,0,76,,214,47,,,0,103,,237,54,,,0,22,,225,54,,,0,70,,233,54,,,0,101,,215,47,,,0,29,,226,54,,,0,70,,227,47,,,0,28,,231,54,,,0,65,,228,54,,,0,27,,238,47,,,0,71,,216,54,,,0,95,,239,47,,,0,50,,229,54,,,0,75,,218,54,,,0,90,,230,47,,,0,95,,217,54,,,0
9000,'4707',1255,,241,47,,,0,190,,240,47,,,0
9000,'4890',1255,,243,47,,,0,190,,242,47,,,0
9000,'5009',656,,244,54,,,0,163,,254,54,,,0,100,,245,47,,,0,120,,256,54,,,0,95,,335,54,,,0,120,,255,54,,,0,89,,333,47,,,0,171,,252,54,,,0,96,,334,47,,,0,119,,251,47,,,0,111,,250,54,,,0,110,,253,47,,,0,160,,248,54,,,0
9000,'5010',656,,257,54,,,0,163,,267,54,,,0,100,,258,47,,,0,120,,269,54,,,0,95,,338,54,,,0,120,,268,54,,,0,89,,336,47,,,0,171,,265,54,,,0,96,,337,47,,,0,119,,264,47,,,0,111,,263,54,,,0,110,,266,47,,,0,160,,261,54,,,0
9000,'5106',555,,559,47,,,0,70,,583,54,,,0,75,,567,47,,,0,23,,568,54,,,0,29,,560,54,,,0,67,,569,47,,,0,27,,584,47,,,0,67,,582,54,,,0,30,,570,54,,,0,67,,571,47,,,0,30,,561,47,,,0,73,,572,54,,,0,30,,580,54,,,0,76,,562,47,,,0,103,,585,54,,,0,22,,573,54,,,0,70,,581,54,,,0,101,,563,47,,,0,29,,574,54,,,0,70,,575,47,,,0,21,,579,54,,,0,72,,576,54,,,0,27,,586,47,,,0,71,,564,54,,,0,50,,587,47,,,0,95,,577,54,,,0,75,,566,54,,,0,90,,578,47,,,0,95,,565,54,,,0
9000,'5107',1255,,589,47,,,0,190,,588,47,,,0
9000,'5108',1255,,591,47,,,0,190,,590,47,,,0
9000,'5109',657,,592,54,,,0,158,,602,54,,,0,105,,593,47,,,0,110,,605,54,,,0,10,,604,54,,,0,95,,597,54,,,0,110,,606,54,,,0,11,,603,54,,,0,89,,594,47,,,0,170,,600,54,,,0,94,,595,47,,,0,116,,607,47,,,0,10,,599,47,,,0,110,,598,54,,,0,105,,601,47,,,0,160,,596,54,,,0
9000,'5110',657,,608,54,,,0,158,,618,54,,,0,105,,609,47,,,0,110,,621,54,,,0,10,,620,54,,,0,95,,613,54,,,0,120,,619,54,,,0,90,,610,47,,,0,160,,616,54,,,0,10,,623,54,,,0,95,,611,47,,,0,25,,624,47,,,0,90,,622,47,,,0,10,,615,47,,,0,112,,614,54,,,0,103,,617,47,,,0,160,,612,54,,,0
