9000,'4706',533,,211,21,,,0,68,,235,21,,,0,35,,219,21,,,0,22,,220,21,,,0,68,,212,21,,,0,27,,221,21,,,0,66,,236,21,,,0,26,,234,21,,,0,71,,222,21,,,0,29,,223,21,,,0,70,,213,21,,,0,32,,224,21,,,0,70,,232,21,,,0,37,,214,21,,,0,100,,237,21,,,0,62,,225,21,,,0,30,,233,21,,,0,103,,215,21,,,0,66,,226,21,,,0,32,,227,21,,,0,67,,231,21,,,0,25,,228,21,,,0,69,,238,21,,,0,29,,216,21,,,0,97,,239,21,,,0,90,,229,21,,,0,35,,218,21,,,0,92,,230,21,,,0,94,,217,21,,,0
9000,'4707',1229,,241,21,,,0,190,,240,21,,,0
9000,'4890',1229,,243,21,,,0,190,,242,21,,,0
9000,'5009',632,,244,21,,,0,120,,254,21,,,0,100,,245,21,,,0,161,,256,21,,,0,95,,335,21,,,0,118,,255,21,,,0,91,,333,21,,,0,129,,252,21,,,0,97,,334,21,,,0,160,,251,21,,,0,109,,250,21,,,0,113,,253,21,,,0,119,,248,21,,,0
9000,'5010',632,,257,21,,,0,120,,267,21,,,0,100,,258,21,,,0,161,,269,21,,,0,95,,338,21,,,0,118,,268,21,,,0,91,,336,21,,,0,129,,265,21,,,0,97,,337,21,,,0,160,,264,21,,,0,109,,263,21,,,0,113,,266,21,,,0,119,,261,21,,,0
9000,'5106',533,,559,21,,,0,68,,583,21,,,0,35,,567,21,,,0,22,,568,21,,,0,68,,560,21,,,0,27,,569,21,,,0,66,,584,21,,,0,26,,582,21,,,0,71,,570,21,,,0,29,,571,21,,,0,70,,561,21,,,0,32,,572,21,,,0,70,,580,21,,,0,37,,562,21,,,0,100,,585,21,,,0,62,,573,21,,,0,30,,581,21,,,0,103,,563,21,,,0,66,,574,21,,,0,32,,575,21,,,0,60,,579,21,,,0,32,,576,21,,,0,69,,586,21,,,0,29,,564,21,,,0,92,,587,21,,,0,95,,577,21,,,0,35,,566,21,,,0,92,,578,21,,,0,94,,565,21,,,0
9000,'5107',1229,,589,21,,,0,190,,588,21,,,0
9000,'5108',1229,,591,21,,,0,190,,590,21,,,0
9000,'5109',633,,592,21,,,0,118,,602,21,,,0,103,,593,21,,,0,150,,605,21,,,0,10,,604,21,,,0,95,,597,21,,,0,110,,606,21,,,0,11,,603,21,,,0,88,,594,21,,,0,128,,600,21,,,0,96,,595,21,,,0,116,,607,21,,,0,50,,599,21,,,0,109,,598,21,,,0,108,,601,21,,,0,119,,596,21,,,0
9000,'5110',633,,608,21,,,0,118,,618,21,,,0,103,,609,21,,,0,150,,621,21,,,0,10,,620,21,,,0,95,,613,21,,,0,120,,619,21,,,0,89,,610,21,,,0,118,,616,21,,,0,10,,623,21,,,0,97,,611,21,,,0,65,,624,21,,,0,50,,622,21,,,0,50,,615,21,,,0,111,,614,21,,,0,106,,617,21,,,0,119,,612,21,,,0
