9001,'4706',621,,270,26,,,0,31,,277,29,,,0,75,,278,29,,,0,75,,279,29,,,0,29,,295,26,,,0,24,,271,29,,,0,65,,280,29,,,0,23,,281,29,,,0,73,,282,29,,,0,27,,292,26,,,0,71,,273,29,,,0,38,,283,26,,,0,72,,293,29,,,0,35,,284,29,,,0,147,,290,29,,,0,15,,286,29,,,0,33,,294,29,,,0,99,,272,29,,,0,67,,287,26,,,0,31,,285,29,,,0,68,,297,26,,,0,24,,291,26,,,0,67,,288,29,,,0,30,,298,29,,,0,92,,276,29,,,0,96,,274,26,,,0,77,,296,29,,,0,45,,289,29,,,0,100,,275,29,,,0
9001,'4707',1334,,299,26,,,0,194,,300,26,,,0
9001,'4890',1334,,301,26,,,0,194,,302,26,,,0
9001,'5009',735,,308,29,,,0,118,,310,26,,,0,101,,307,29,,,0,159,,315,26,,,0,98,,340,26,,,0,125,,314,29,,,0,88,,339,29,,,0,128,,311,26,,,0,89,,341,29,,,0,168,,312,26,,,0,124,,313,26,,,0,97,,304,29,,,0,120,,303,29,,,0
9001,'5010',735,,321,29,,,0,118,,323,26,,,0,101,,320,29,,,0,159,,328,26,,,0,98,,343,26,,,0,125,,327,29,,,0,88,,342,29,,,0,128,,324,26,,,0,89,,344,29,,,0,168,,325,26,,,0,124,,326,26,,,0,97,,317,29,,,0,120,,316,29,,,0
9001,'5106',621,,625,26,,,0,31,,632,29,,,0,75,,633,29,,,0,75,,634,29,,,0,29,,650,26,,,0,24,,626,29,,,0,65,,635,29,,,0,23,,636,29,,,0,73,,637,29,,,0,27,,647,26,,,0,71,,628,29,,,0,38,,638,26,,,0,72,,648,29,,,0,35,,639,29,,,0,147,,645,29,,,0,15,,641,29,,,0,33,,649,29,,,0,99,,627,29,,,0,67,,642,26,,,0,31,,640,29,,,0,58,,652,26,,,0,34,,646,26,,,0,67,,643,29,,,0,30,,653,29,,,0,95,,631,29,,,0,93,,629,26,,,0,77,,651,29,,,0,45,,644,29,,,0,100,,630,29,,,0
9001,'5107',1334,,654,26,,,0,194,,655,26,,,0
9001,'5108',1334,,656,26,,,0,194,,657,26,,,0
9001,'5109',735,,663,29,,,0,119,,665,26,,,0,101,,662,29,,,0,159,,670,26,,,0,2,,671,26,,,0,98,,661,26,,,0,122,,669,29,,,0,2,,672,29,,,0,88,,660,29,,,0,124,,666,26,,,0,91,,664,29,,,0,168,,667,26,,,0,2,,673,26,,,0,121,,668,26,,,0,97,,659,29,,,0,120,,658,29,,,0
9001,'5110',735,,679,29,,,0,119,,681,26,,,0,101,,678,29,,,0,159,,686,26,,,0,2,,687,26,,,0,98,,677,26,,,0,122,,685,29,,,0,90,,676,29,,,0,124,,682,26,,,0,5,,689,26,,,0,86,,680,29,,,0,70,,690,29,,,0,98,,683,26,,,0,2,,688,26,,,0,121,,684,26,,,0,97,,675,29,,,0,120,,674,29,,,0
