101,'4822',635,,724,43,,,0,274,,728,43,,,0,222,,730,43,,,0,220,,729,43,,,0,253,,731,43,,,0,220,,732,43,,,0,123,,727,43,,,0,255,,726,43,,,0,55,,733,43,,,0,244,,725,43,,,0
101,'4826',635,,734,43,,,0,274,,738,43,,,0,222,,740,43,,,0,220,,739,43,,,0,253,,741,43,,,0,220,,742,43,,,0,123,,737,43,,,0,255,,736,43,,,0,55,,408,43,,,0,244,,735,43,,,0
101,'5106',1349,,398,43,,,0,154,,397,43,,,0,318,,384,43,,,0
101,'5315',650,,391,43,,,0,81,,395,43,,,0,177,,392,43,,,0,114,,393,43,,,0,105,,394,43,,,0,105,,396,43,,,0,371,,382,43,,,0,119,,383,43,,,0,219,,385,43,,,0,100,,386,43,,,0,160,,387,43,,,0,99,,388,43,,,0,28,,389,23,,,0,173,,390,43,,,0
101,'5316',650,,751,43,,,0,81,,755,43,,,0,177,,752,43,,,0,114,,753,43,,,0,105,,754,43,,,0,105,,756,43,,,0,371,,743,43,,,0,119,,744,43,,,0,219,,745,43,,,0,100,,746,43,,,0,160,,747,43,,,0,99,,748,43,,,0,28,,749,23,,,0,173,,750,43,,,0
9001,'4822',726,,949,18,,,0,118,,951,15,,,0,101,,948,18,,,0,159,,956,15,,,0,2,,957,15,,,0,98,,947,15,,,0,122,,955,18,,,0,90,,946,18,,,0,124,,952,15,,,0,5,,959,15,,,0,86,,950,18,,,0,70,,960,18,,,0,58,,953,15,,,0,42,,958,15,,,0,122,,954,15,,,0,97,,945,18,,,0,120,,944,18,,,0
9001,'4826',726,,966,18,,,0,118,,968,15,,,0,101,,965,18,,,0,159,,973,15,,,0,2,,974,15,,,0,98,,964,15,,,0,122,,972,18,,,0,2,,975,18,,,0,88,,963,18,,,0,124,,969,15,,,0,91,,967,18,,,0,128,,970,15,,,0,42,,976,15,,,0,122,,971,15,,,0,97,,962,18,,,0,120,,961,18,,,0
9001,'4967',1324,,977,15,,,0,192,,978,15,,,0
9001,'5315',612,,627,15,,,0,31,,634,18,,,0,75,,635,18,,,0,34,,636,18,,,0,69,,652,15,,,0,24,,628,18,,,0,65,,637,18,,,0,24,,638,18,,,0,73,,639,18,,,0,27,,649,15,,,0,71,,630,18,,,0,38,,640,15,,,0,72,,650,18,,,0,35,,641,18,,,0,74,,656,15,,,0,32,,647,18,,,0,55,,643,18,,,0,32,,651,18,,,0,73,,657,15,,,0,26,,629,18,,,0,67,,644,15,,,0,31,,642,18,,,0,19,,654,15,,,0,74,,648,15,,,0,67,,645,18,,,0,30,,655,18,,,0,95,,633,18,,,0,93,,631,15,,,0,37,,653,18,,,0,85,,646,18,,,0,100,,632,18,,,0
9001,'5316',612,,979,15,,,0,31,,986,18,,,0,75,,987,18,,,0,34,,988,18,,,0,69,,1004,15,,,0,24,,980,18,,,0,65,,989,18,,,0,24,,990,18,,,0,73,,991,18,,,0,27,,1001,15,,,0,71,,982,18,,,0,38,,992,15,,,0,72,,1002,18,,,0,35,,993,18,,,0,106,,999,18,,,0,55,,995,18,,,0,32,,1003,18,,,0,99,,981,18,,,0,67,,996,15,,,0,31,,994,18,,,0,19,,1006,15,,,0,74,,1000,15,,,0,67,,997,18,,,0,30,,1007,18,,,0,95,,985,18,,,0,93,,983,15,,,0,37,,1005,18,,,0,85,,998,18,,,0,100,,984,18,,,0
9001,'5317',1324,,1008,15,,,0,192,,1009,15,,,0
