400,'4706',623,,187,43,,,0,125,,188,43,,,0,275,,189,43,,,0,220,,190,43,,,0,115,,191,43,,,0,450,,186,43,,,0,145,,185,43,,,0
400,'4707',1647,,193,43,,,0,657,,192,47,,,0
400,'4890',1647,,194,43,,,0
400,'5009',734,,202,43,,,0,280,,197,43,,,0,120,,196,43,,,0,209,,199,43,,,0,211,,198,43,,,0,262,,200,43,,,0,122,,201,43,,,0,306,,195,43,,,0
400,'5010',734,,210,43,,,0,280,,205,43,,,0,120,,204,43,,,0,209,,207,43,,,0,211,,206,43,,,0,262,,208,43,,,0,122,,209,43,,,0,306,,203,43,,,0
400,'5106',623,,535,43,,,0,125,,536,43,,,0,275,,537,43,,,0,220,,538,43,,,0,115,,539,43,,,0,450,,534,43,,,0,140,,533,43,,,0
400,'5107',1647,,540,43,,,0
400,'5108',1647,,542,43,,,0,657,,541,47,,,0
400,'5109',733,,550,43,,,0,281,,545,43,,,0,122,,544,43,,,0,207,,547,43,,,0,207,,546,43,,,0,263,,548,43,,,0,127,,549,43,,,0,301,,543,43,,,0
400,'5110',733,,558,43,,,0,282,,553,43,,,0,119,,552,43,,,0,207,,555,43,,,0,214,,554,43,,,0,262,,556,43,,,0,123,,557,43,,,0,301,,551,43,,,0
