400,'4706',613,,187,24,,,0,125,,188,24,,,0,275,,189,24,,,0,220,,190,24,,,0,115,,191,24,,,0,410,,186,24,,,0,185,,185,24,,,0
400,'4707',1637,,193,24,,,0,617,,192,28,,,0
400,'4890',1637,,194,24,,,0
400,'5009',724,,202,24,,,0,280,,197,24,,,0,120,,196,24,,,0,209,,199,24,,,0,210,,198,24,,,0,263,,200,24,,,0,121,,201,24,,,0,306,,195,24,,,0
400,'5010',724,,210,24,,,0,280,,205,24,,,0,120,,204,24,,,0,209,,207,24,,,0,210,,206,24,,,0,263,,208,24,,,0,121,,209,24,,,0,306,,203,24,,,0
400,'5106',613,,535,24,,,0,125,,536,24,,,0,275,,537,24,,,0,220,,538,24,,,0,115,,539,24,,,0,410,,534,24,,,0,180,,533,24,,,0
400,'5107',1637,,540,24,,,0
400,'5108',1637,,542,24,,,0,617,,541,28,,,0
400,'5109',723,,550,24,,,0,281,,545,24,,,0,122,,544,24,,,0,207,,547,24,,,0,206,,546,24,,,0,264,,548,24,,,0,126,,549,24,,,0,302,,543,24,,,0
400,'5110',723,,558,24,,,0,282,,553,24,,,0,120,,552,24,,,0,205,,555,24,,,0,214,,554,24,,,0,262,,556,24,,,0,123,,557,24,,,0,302,,551,24,,,0
