101,'4706',638,,45,28,,,0,81,,49,28,,,0,137,,46,28,,,0,154,,47,28,,,0,110,,48,28,,,0,99,,50,28,,,0,116,,52,28,,,0,115,,51,28,,,0,100,,36,28,,,0,94,,37,28,,,0,165,,38,28,,,0,125,,39,28,,,0,100,,40,28,,,0,115,,41,28,,,0,99,,42,28,,,0,68,,43,8,,,0,133,,44,28,,,0
101,'5009',623,,53,28,,,0,233,,57,28,,,0,260,,59,28,,,0,219,,58,28,,,0,215,,60,28,,,0,259,,61,28,,,0,125,,56,28,,,0,215,,55,28,,,0,299,,54,28,,,0
101,'5010',623,,62,28,,,0,233,,66,28,,,0,260,,68,28,,,0,219,,67,28,,,0,215,,69,28,,,0,259,,70,28,,,0,125,,65,28,,,0,215,,64,28,,,0,299,,63,28,,,0
101,'5106',638,,391,28,,,0,81,,395,28,,,0,137,,392,28,,,0,154,,393,28,,,0,105,,394,28,,,0,104,,396,28,,,0,116,,398,28,,,0,115,,397,28,,,0,100,,382,28,,,0,159,,383,28,,,0,100,,384,28,,,0,120,,385,28,,,0,100,,386,28,,,0,120,,387,28,,,0,99,,388,28,,,0,68,,389,8,,,0,133,,390,28,,,0
101,'5109',623,,399,28,,,0,233,,403,28,,,0,261,,405,28,,,0,220,,404,28,,,0,214,,406,28,,,0,260,,407,28,,,0,124,,402,28,,,0,215,,401,28,,,0,95,,408,28,,,0,204,,400,28,,,0
101,'5110',623,,409,28,,,0,233,,413,28,,,0,261,,415,28,,,0,220,,414,28,,,0,214,,416,28,,,0,260,,417,28,,,0,124,,412,28,,,0,215,,411,28,,,0,95,,418,28,,,0,204,,410,28,,,0
9001,'4706',638,,277,12,,,0,75,,278,12,,,0,33,,279,12,,,0,92,,271,12,,,0,65,,280,12,,,0,24,,281,12,,,0,73,,282,12,,,0,58,,273,12,,,0,150,,293,12,,,0,35,,284,12,,,0,106,,290,12,,,0,55,,286,12,,,0,32,,294,12,,,0,99,,272,12,,,0,98,,285,12,,,0,120,,288,12,,,0,70,,298,12,,,0,92,,276,12,,,0,133,,296,12,,,0,85,,289,12,,,0,100,,275,12,,,0
9001,'5009',720,,308,12,,,0,218,,307,12,,,0,381,,314,12,,,0,88,,339,12,,,0,216,,341,12,,,0,390,,304,12,,,0,120,,303,12,,,0
9001,'5010',720,,321,12,,,0,218,,320,12,,,0,381,,327,12,,,0,88,,342,12,,,0,216,,344,12,,,0,390,,317,12,,,0,120,,316,12,,,0
9001,'5106',638,,632,12,,,0,75,,633,12,,,0,33,,634,12,,,0,92,,626,12,,,0,65,,635,12,,,0,24,,636,12,,,0,73,,637,12,,,0,58,,628,12,,,0,150,,648,12,,,0,35,,639,12,,,0,106,,645,12,,,0,55,,641,12,,,0,32,,649,12,,,0,99,,627,12,,,0,98,,640,12,,,0,120,,643,12,,,0,70,,653,12,,,0,95,,631,12,,,0,130,,651,12,,,0,85,,644,12,,,0,100,,630,12,,,0
9001,'5109',720,,663,12,,,0,218,,662,12,,,0,381,,669,12,,,0,2,,672,12,,,0,88,,660,12,,,0,215,,664,12,,,0,389,,659,12,,,0,120,,658,12,,,0
9001,'5110',720,,679,12,,,0,218,,678,12,,,0,381,,685,12,,,0,90,,676,12,,,0,215,,680,12,,,0,30,,690,12,,,0,359,,675,12,,,0,120,,674,12,,,0
