300,'4706',648,,132,8,0,9 10,0,187,,133,8,0,9 10,0,291,,134,8,0,9 10,0,178,,135,8,0,9 10,0,123,,129,8,0,9 10,0,222,,131,8,0,9 10,0,265,,130,8,0,9 10,0
300,'4707',1725,,136,8,0,9 10,0,423,,137,8,0,9 10,0
300,'4890',1725,,138,8,0,9 10,0
300,'5009',623,,146,8,0,9 10,0,179,,140,8,0,9 10,0,124,,147,8,0,9 10,0,131,,141,8,0,9 10,0,185,,142,8,0,9 10,0,258,,143,8,0,9 10,0,206,,144,8,0,9 10,0,137,,145,8,0,9 10,0,277,,139,8,0,9 10,0
300,'5010',623,,155,8,0,9 10,0,179,,149,8,0,9 10,0,124,,156,8,0,9 10,0,131,,150,8,0,9 10,0,185,,151,8,0,9 10,0,258,,152,8,0,9 10,0,206,,153,8,0,9 10,0,137,,154,8,0,9 10,0,277,,148,8,0,9 10,0
300,'5106',648,,480,8,0,9 10,0,179,,481,8,0,9 10,0,299,,482,8,0,9 10,0,178,,483,8,0,9 10,0,123,,477,8,0,9 10,0,222,,479,8,0,9 10,0,265,,478,8,0,9 10,0
300,'5107',1725,,484,8,0,9 10,0
300,'5108',1725,,485,8,0,9 10,0,423,,486,8,0,9 10,0
300,'5109',623,,494,8,0,9 10,0,179,,488,8,0,9 10,0,124,,495,8,0,9 10,0,130,,489,8,0,9 10,0,186,,490,8,0,9 10,0,259,,491,8,0,9 10,0,205,,492,8,0,9 10,0,134,,493,8,0,9 10,0,280,,487,8,0,9 10,0
300,'5110',623,,503,8,0,9 10,0,179,,497,8,0,9 10,0,124,,504,8,0,9 10,0,130,,498,8,0,9 10,0,186,,499,8,0,9 10,0,263,,500,8,0,9 10,0,199,,501,8,0,9 10,0,136,,502,8,0,9 10,0,283,,496,8,0,9 10,0
