101,'4706',624,,45,6,,,0,82,,49,6,,,0,134,,46,6,,,0,114,,47,6,,,0,150,,48,6,,,0,100,,50,6,,,0,115,,52,6,,,0,116,,51,6,,,0,99,,36,6,,,0,96,,37,6,,,0,124,,38,6,,,0,165,,39,6,,,0,100,,40,6,,,0,115,,41,6,,,0,100,,42,6,,,0,201,,44,6,,,0
101,'5009',609,,53,6,,,0,231,,57,6,,,0,260,,59,6,,,0,219,,58,6,,,0,215,,60,6,,,0,220,,61,6,,,0,165,,56,6,,,0,215,,55,6,,,0,300,,54,6,,,0
101,'5010',609,,62,6,,,0,231,,66,6,,,0,260,,68,6,,,0,219,,67,6,,,0,215,,69,6,,,0,220,,70,6,,,0,165,,65,6,,,0,215,,64,6,,,0,300,,63,6,,,0
101,'5106',624,,391,6,,,0,82,,395,6,,,0,134,,392,6,,,0,114,,393,6,,,0,105,,394,6,,,0,145,,396,6,,,0,115,,398,6,,,0,116,,397,6,,,0,99,,382,6,,,0,121,,383,6,,,0,99,,384,6,,,0,160,,385,6,,,0,100,,386,6,,,0,120,,387,6,,,0,100,,388,6,,,0,201,,390,6,,,0
101,'5109',610,,399,6,,,0,230,,403,6,,,0,260,,405,6,,,0,220,,404,6,,,0,215,,406,6,,,0,220,,407,6,,,0,165,,402,6,,,0,215,,401,6,,,0,95,,408,6,,,0,205,,400,6,,,0
101,'5110',610,,409,6,,,0,230,,413,6,,,0,260,,415,6,,,0,220,,414,6,,,0,215,,416,6,,,0,220,,417,6,,,0,165,,412,6,,,0,215,,411,6,,,0,95,,418,6,,,0,205,,410,6,,,0
9001,'4706',631,,277,2,,,0,75,,278,2,,,0,33,,279,2,,,0,92,,271,2,,,0,25,,280,2,,,0,64,,281,2,,,0,33,,282,2,,,0,98,,273,2,,,0,150,,293,2,,,0,35,,284,2,,,0,105,,290,2,,,0,15,,286,2,,,0,72,,294,2,,,0,99,,272,2,,,0,99,,285,2,,,0,120,,288,2,,,0,70,,298,2,,,0,92,,276,2,,,0,133,,296,2,,,0,85,,289,2,,,0,100,,275,2,,,0
9001,'5009',713,,308,2,,,0,218,,307,2,,,0,380,,314,2,,,0,48,,339,2,,,0,257,,341,2,,,0,390,,304,2,,,0,120,,303,2,,,0
9001,'5010',713,,321,2,,,0,218,,320,2,,,0,380,,327,2,,,0,48,,342,2,,,0,257,,344,2,,,0,390,,317,2,,,0,120,,316,2,,,0
9001,'5106',631,,632,2,,,0,75,,633,2,,,0,33,,634,2,,,0,92,,626,2,,,0,25,,635,2,,,0,64,,636,2,,,0,33,,637,2,,,0,98,,628,2,,,0,150,,648,2,,,0,35,,639,2,,,0,105,,645,2,,,0,15,,641,2,,,0,72,,649,2,,,0,99,,627,2,,,0,99,,640,2,,,0,120,,643,2,,,0,70,,653,2,,,0,95,,631,2,,,0,130,,651,2,,,0,85,,644,2,,,0,100,,630,2,,,0
9001,'5109',713,,663,2,,,0,218,,662,2,,,0,380,,669,2,,,0,2,,672,2,,,0,88,,660,2,,,0,215,,664,2,,,0,390,,659,2,,,0,120,,658,2,,,0
9001,'5110',713,,679,2,,,0,218,,678,2,,,0,380,,685,2,,,0,90,,676,2,,,0,215,,680,2,,,0,30,,690,2,,,0,360,,675,2,,,0,120,,674,2,,,0
