400,'4706',612,,187,21,,,0,124,,188,21,,,0,276,,189,21,,,0,220,,190,21,,,0,115,,191,21,,,0,410,,186,21,,,0,185,,185,21,,,0
400,'4707',1636,,193,21,,,0,617,,192,25,,,0
400,'4890',1636,,194,21,,,0
400,'5009',722,,202,21,,,0,281,,197,21,,,0,120,,196,21,,,0,209,,199,21,,,0,209,,198,21,,,0,264,,200,21,,,0,121,,201,21,,,0,306,,195,21,,,0
400,'5010',722,,210,21,,,0,281,,205,21,,,0,120,,204,21,,,0,209,,207,21,,,0,209,,206,21,,,0,264,,208,21,,,0,121,,209,21,,,0,306,,203,21,,,0
400,'5106',612,,535,21,,,0,124,,536,21,,,0,276,,537,21,,,0,220,,538,21,,,0,115,,539,21,,,0,410,,534,21,,,0,180,,533,21,,,0
400,'5107',1636,,540,21,,,0
400,'5108',1636,,542,21,,,0,617,,541,25,,,0
400,'5109',722,,550,21,,,0,281,,545,21,,,0,122,,544,21,,,0,207,,547,21,,,0,206,,546,21,,,0,264,,548,21,,,0,126,,549,21,,,0,302,,543,21,,,0
400,'5110',722,,558,21,,,0,281,,553,21,,,0,120,,552,21,,,0,206,,555,21,,,0,214,,554,21,,,0,262,,556,21,,,0,123,,557,21,,,0,302,,551,21,,,0
