101,'4822',705,,724,86,,,0,233,,728,86,,,0,264,,730,86,,,0,220,,729,86,,,0,212,,731,86,,,0,219,,732,86,,,0,163,,727,86,,,0,215,,726,86,,,0,95,,733,86,,,0,202,,725,86,,,0
101,'4826',705,,734,86,,,0,233,,738,86,,,0,264,,740,86,,,0,220,,739,86,,,0,212,,741,86,,,0,219,,742,86,,,0,163,,737,86,,,0,215,,736,86,,,0,95,,408,86,,,0,202,,735,86,,,0
101,'5106',1421,,398,86,,,0,117,,397,92,,,0,312,,384,86,,,0
101,'5315',720,,391,86,,,0,85,,395,92,,,0,134,,392,86,,,0,114,,393,86,,,0,106,,394,86,,,0,148,,396,92,,,0,328,,382,86,,,0,121,,383,92,,,0,254,,385,86,,,0,100,,386,86,,,0,119,,387,86,,,0,99,,388,86,,,0,28,,389,66,,,0,173,,390,86,,,0
101,'5316',720,,751,86,,,0,85,,755,92,,,0,134,,752,86,,,0,114,,753,86,,,0,106,,754,86,,,0,148,,756,92,,,0,328,,743,86,,,0,121,,744,92,,,0,254,,745,86,,,0,100,,746,86,,,0,119,,747,86,,,0,99,,748,86,,,0,28,,749,66,,,0,173,,750,86,,,0
9001,'4822',750,,949,49,,,0,159,,951,46,,,0,102,,948,49,,,0,119,,956,46,,,0,2,,957,46,,,0,98,,947,46,,,0,123,,955,49,,,0,90,,946,49,,,0,164,,952,46,,,0,4,,959,46,,,0,46,,950,49,,,0,69,,960,49,,,0,98,,953,46,,,0,2,,958,46,,,0,121,,954,46,,,0,97,,945,49,,,0,160,,944,49,,,0
9001,'4826',750,,966,49,,,0,159,,968,46,,,0,102,,965,49,,,0,119,,973,46,,,0,2,,974,46,,,0,98,,964,46,,,0,123,,972,49,,,0,2,,975,49,,,0,88,,963,49,,,0,164,,969,46,,,0,50,,967,49,,,0,167,,970,46,,,0,2,,976,46,,,0,121,,971,46,,,0,97,,962,49,,,0,160,,961,49,,,0
9001,'4967',1351,,977,46,,,0,194,,978,46,,,0
9001,'5315',635,,627,46,,,0,71,,634,49,,,0,37,,635,49,,,0,76,,636,49,,,0,29,,652,46,,,0,61,,628,49,,,0,25,,637,49,,,0,23,,638,49,,,0,72,,639,49,,,0,27,,649,46,,,0,71,,630,49,,,0,80,,640,46,,,0,32,,650,49,,,0,77,,641,49,,,0,35,,656,46,,,0,72,,647,49,,,0,15,,643,49,,,0,72,,651,49,,,0,35,,657,46,,,0,65,,629,49,,,0,26,,644,46,,,0,71,,642,49,,,0,17,,654,46,,,0,34,,648,46,,,0,67,,645,49,,,0,29,,655,49,,,0,95,,633,49,,,0,93,,631,46,,,0,77,,653,49,,,0,85,,646,49,,,0,100,,632,49,,,0
9001,'5316',635,,979,46,,,0,71,,986,49,,,0,37,,987,49,,,0,76,,988,49,,,0,29,,1004,46,,,0,61,,980,49,,,0,25,,989,49,,,0,23,,990,49,,,0,72,,991,49,,,0,27,,1001,46,,,0,71,,982,49,,,0,80,,992,46,,,0,32,,1002,49,,,0,77,,993,49,,,0,107,,999,49,,,0,15,,995,49,,,0,72,,1003,49,,,0,100,,981,49,,,0,26,,996,46,,,0,71,,994,49,,,0,17,,1006,46,,,0,34,,1000,46,,,0,67,,997,49,,,0,29,,1007,49,,,0,95,,985,49,,,0,93,,983,46,,,0,77,,1005,49,,,0,85,,998,49,,,0,100,,984,49,,,0
9001,'5317',1351,,1008,46,,,0,194,,1009,46,,,0
