400,'4706',614,,187,27,,,0,125,,188,27,,,0,275,,189,27,,,0,220,,190,27,,,0,115,,191,27,,,0,410,,186,27,,,0,185,,185,27,,,0
400,'4707',1638,,193,27,,,0,617,,192,31,,,0
400,'4890',1638,,194,27,,,0
400,'5009',725,,202,27,,,0,280,,197,27,,,0,120,,196,27,,,0,209,,199,27,,,0,210,,198,27,,,0,263,,200,27,,,0,121,,201,27,,,0,306,,195,27,,,0
400,'5010',725,,210,27,,,0,280,,205,27,,,0,120,,204,27,,,0,209,,207,27,,,0,210,,206,27,,,0,263,,208,27,,,0,121,,209,27,,,0,306,,203,27,,,0
400,'5106',614,,535,27,,,0,125,,536,27,,,0,275,,537,27,,,0,220,,538,27,,,0,115,,539,27,,,0,410,,534,27,,,0,180,,533,27,,,0
400,'5107',1638,,540,27,,,0
400,'5108',1638,,542,27,,,0,617,,541,31,,,0
400,'5109',724,,550,27,,,0,281,,545,27,,,0,122,,544,27,,,0,207,,547,27,,,0,206,,546,27,,,0,264,,548,27,,,0,126,,549,27,,,0,302,,543,27,,,0
400,'5110',724,,558,27,,,0,282,,553,27,,,0,120,,552,27,,,0,205,,555,27,,,0,214,,554,27,,,0,262,,556,27,,,0,123,,557,27,,,0,302,,551,27,,,0
