9001,'4706',601,,270,2,,,0,208,,295,2,,,0,213,,292,2,,,0,109,,283,2,,,0,426,,287,2,,,0,100,,297,2,,,0,64,,291,2,,,0,285,,274,2,,,0
9001,'4707',1312,,299,2,,,0,190,,300,2,,,0
9001,'4890',1312,,301,2,,,0,190,,302,2,,,0
9001,'5009',831,,310,2,,,0,221,,315,2,,,0,98,,340,2,,,0,377,,311,2,,,0,220,,312,2,,,0,164,,313,2,,,0
9001,'5010',831,,323,2,,,0,221,,328,2,,,0,98,,343,2,,,0,377,,324,2,,,0,220,,325,2,,,0,164,,326,2,,,0
9001,'5106',601,,625,2,,,0,208,,650,2,,,0,213,,647,2,,,0,109,,638,2,,,0,426,,642,2,,,0,90,,652,2,,,0,74,,646,2,,,0,285,,629,2,,,0
9001,'5107',1312,,654,2,,,0,190,,655,2,,,0
9001,'5108',1312,,656,2,,,0,190,,657,2,,,0
9001,'5109',832,,665,2,,,0,220,,670,2,,,0,2,,671,2,,,0,98,,661,2,,,0,375,,666,2,,,0,220,,667,2,,,0,2,,673,2,,,0,162,,668,2,,,0
9001,'5110',832,,681,2,,,0,220,,686,2,,,0,2,,687,2,,,0,98,,677,2,,,0,375,,682,2,,,0,5,,689,2,,,0,215,,683,2,,,0,2,,688,2,,,0,162,,684,2,,,0
