400,'4706',601,,187,7,,,0,124,,188,7,,,0,276,,189,7,,,0,220,,190,7,,,0,115,,191,7,,,0,410,,186,7,,,0,185,,185,7,,,0
400,'4707',1625,,193,7,,,0
400,'4890',1625,,194,7,,,0
400,'5009',711,,202,7,,,0,241,,197,7,,,0,160,,196,7,,,0,209,,199,7,,,0,208,,198,7,,,0,225,,200,7,,,0,161,,201,7,,,0,305,,195,7,,,0
400,'5010',711,,210,7,,,0,241,,205,7,,,0,160,,204,7,,,0,209,,207,7,,,0,208,,206,7,,,0,225,,208,7,,,0,161,,209,7,,,0,305,,203,7,,,0
400,'5106',601,,535,7,,,0,124,,536,7,,,0,276,,537,7,,,0,220,,538,7,,,0,115,,539,7,,,0,410,,534,7,,,0,180,,533,7,,,0
400,'5107',1625,,540,7,,,0
400,'5108',1625,,542,7,,,0
400,'5109',711,,550,7,,,0,241,,545,7,,,0,162,,544,7,,,0,207,,547,7,,,0,206,,546,7,,,0,224,,548,7,,,0,166,,549,7,,,0,302,,543,7,,,0
400,'5110',711,,558,7,,,0,242,,553,7,,,0,159,,552,7,,,0,206,,555,7,,,0,214,,554,7,,,0,222,,556,7,,,0,163,,557,7,,,0,302,,551,7,,,0
