100,'4706',515,,11,12,,,0,41,,13,12,,,0,171,,10,12,,,0,95,,15,12,0,5 6 2,0,130,,12,12,,,0,100,,14,12,,,0,104,,16,12,0,5 6 2,0,150,,2,12,,,0,110,,17,12,0,5 6 2,0,99,,1,12,,,0,121,,3,12,0,5 6 2,0,168,,5,12,,,0,102,,6,12,,,0,121,,7,12,,,0,95,,4,12,,,0,108,,8,12,0,7 8,0,79,,9,12,,,0
100,'4822',506,,372,12,,,0,221,,373,12,,,0,222,,374,12,,,0,210,,375,12,,,0,257,,376,12,,,0,224,,377,12,,,0,161,,378,12,,,0,222,,379,12,,,0,95,,381,12,,,0,205,,380,12,,,0
100,'4826',506,,362,12,,,0,221,,363,12,,,0,222,,364,12,,,0,210,,365,12,,,0,257,,366,12,,,0,224,,367,12,,,0,166,,368,12,,,0,217,,369,12,,,0,95,,371,12,,,0,205,,370,12,,,0
100,'5106',515,,355,12,,,0,41,,357,12,,,0,171,,354,12,,,0,95,,359,12,0,5 6 2,0,125,,356,12,,,0,105,,358,12,,,0,104,,360,12,0,5 6 2,0,150,,346,12,,,0,110,,361,12,0,5 6 2,0,119,,345,12,,,0,101,,347,12,0,5 6 2,0,122,,349,12,,,0,143,,350,12,,,0,126,,351,12,,,0,90,,348,12,,,0,113,,352,12,0,7 8,0,79,,353,12,,,0
9000,'4706',525,,211,12,,,0,28,,235,12,,,0,75,,219,12,,,0,22,,220,12,,,0,68,,212,12,,,0,27,,221,12,,,0,66,,236,12,,,0,26,,234,12,,,0,71,,222,12,,,0,29,,223,12,,,0,70,,213,12,,,0,32,,224,12,,,0,70,,232,12,,,0,37,,214,12,,,0,75,,243,12,,,0,25,,237,12,,,0,62,,225,12,,,0,29,,233,12,,,0,73,,242,12,,,0,30,,215,12,,,0,66,,226,12,,,0,32,,227,12,,,0,67,,231,12,,,0,25,,228,12,,,0,29,,238,12,,,0,70,,216,12,,,0,97,,239,12,,,0,90,,229,12,,,0,35,,218,12,,,0,92,,230,12,,,0,95,,217,12,,,0
9000,'4822',625,,608,12,,,0,118,,618,12,,,0,103,,609,12,,,0,110,,621,12,,,0,50,,620,12,,,0,95,,613,12,,,0,120,,619,12,,,0,88,,610,12,,,0,118,,616,12,,,0,10,,623,12,,,0,97,,611,12,,,0,25,,624,12,,,0,90,,622,12,,,0,10,,615,12,,,0,151,,614,12,,,0,107,,617,12,,,0,119,,612,12,,,0
9000,'4826',625,,592,12,,,0,118,,602,12,,,0,103,,593,12,,,0,110,,605,12,,,0,50,,604,12,,,0,95,,597,12,,,0,110,,606,12,,,0,11,,603,12,,,0,87,,594,12,,,0,128,,600,12,,,0,96,,595,12,,,0,116,,607,12,,,0,10,,599,12,,,0,149,,598,12,,,0,109,,601,12,,,0,119,,596,12,,,0
9000,'4967',1221,,560,12,,,0,189,,559,12,,,0
9000,'5106',525,,561,12,,,0,28,,585,12,,,0,75,,569,12,,,0,22,,570,12,,,0,68,,562,12,,,0,27,,571,12,,,0,66,,586,12,,,0,26,,584,12,,,0,71,,572,12,,,0,29,,573,12,,,0,70,,563,12,,,0,32,,574,12,,,0,70,,582,12,,,0,37,,564,12,,,0,100,,587,12,,,0,62,,575,12,,,0,29,,583,12,,,0,103,,565,12,,,0,66,,576,12,,,0,32,,577,12,,,0,20,,581,12,,,0,72,,578,12,,,0,29,,588,12,,,0,70,,566,12,,,0,92,,589,12,,,0,95,,579,12,,,0,35,,568,12,,,0,92,,580,12,,,0,95,,567,12,,,0
9000,'5107',1221,,591,12,,,0,189,,590,12,,,0
