101,'4532',636,,1047,44,,,0,274,,1051,44,,,0,222,,1053,44,,,0,220,,1052,44,,,0,253,,1054,44,,,0,215,,1055,44,,,0,123,,1050,44,,,0,260,,1049,44,,,0,55,,1056,44,,,0,244,,1048,44,,,0
101,'5106',651,,751,44,,,0,81,,755,44,,,0,177,,752,44,,,0,114,,753,44,,,0,105,,754,44,,,0,105,,756,44,,,0,117,,398,44,,,0,154,,397,44,,,0,100,,743,44,,,0,119,,744,44,,,0,99,,384,44,,,0,120,,745,44,,,0,100,,746,44,,,0,160,,747,44,,,0,99,,748,44,,,0,28,,749,24,,,0,173,,750,44,,,0
101,'5224',651,,1066,44,,,0,81,,1070,44,,,0,177,,1067,44,,,0,119,,1068,44,,,0,100,,1069,44,,,0,121,,1071,44,,,0,101,,1073,44,,,0,109,,1072,44,,,0,145,,1057,44,,,0,114,,1058,44,,,0,99,,1059,44,,,0,125,,1060,44,,,0,100,,1061,44,,,0,160,,1062,44,,,0,99,,1063,44,,,0,28,,1064,24,,,0,173,,1065,44,,,0
101,'5228',636,,1074,44,,,0,272,,1078,44,,,0,223,,1080,44,,,0,218,,1079,44,,,0,255,,1081,44,,,0,214,,1082,44,,,0,124,,1077,44,,,0,260,,1076,44,,,0,55,,1083,44,,,0,244,,1075,44,,,0
9001,'4532',727,,1290,19,,,0,118,,1292,16,,,0,161,,1289,19,,,0,99,,1297,16,,,0,2,,1299,16,,,0,118,,1288,16,,,0,102,,1296,19,,,0,2,,1300,19,,,0,78,,1291,19,,,0,134,,1293,16,,,0,116,,1298,19,,,0,98,,1294,16,,,0,2,,1301,16,,,0,162,,1295,16,,,0,102,,1287,19,,,0,120,,1286,19,,,0
9001,'5106',613,,979,16,,,0,31,,986,19,,,0,75,,987,19,,,0,34,,988,19,,,0,69,,1004,16,,,0,24,,980,19,,,0,65,,989,19,,,0,24,,990,19,,,0,73,,991,19,,,0,27,,1001,16,,,0,71,,982,19,,,0,38,,992,16,,,0,72,,1002,19,,,0,35,,993,19,,,0,74,,1008,16,,,0,32,,999,19,,,0,55,,995,19,,,0,32,,1003,19,,,0,73,,1009,16,,,0,26,,981,19,,,0,67,,996,16,,,0,31,,994,19,,,0,59,,1006,16,,,0,34,,1000,16,,,0,67,,997,19,,,0,30,,1007,19,,,0,95,,985,19,,,0,93,,983,16,,,0,37,,1005,19,,,0,85,,998,19,,,0,100,,984,19,,,0
9001,'5224',613,,1302,16,,,0,31,,1310,19,,,0,75,,1311,19,,,0,34,,1312,19,,,0,68,,1326,16,,,0,30,,1303,19,,,0,60,,1313,19,,,0,24,,1314,19,,,0,76,,1315,19,,,0,24,,1323,16,,,0,71,,1306,19,,,0,29,,1316,16,,,0,91,,1324,19,,,0,25,,1317,19,,,0,74,,1305,16,,,0,32,,1321,19,,,0,80,,1325,19,,,0,80,,1319,16,,,0,26,,1304,19,,,0,98,,1318,19,,,0,14,,1328,16,,,0,82,,1322,16,,,0,94,,1329,19,,,0,90,,1309,19,,,0,98,,1307,16,,,0,37,,1327,19,,,0,85,,1320,19,,,0,100,,1308,19,,,0
9001,'5225',1412,,1330,19,,,0,193,,1331,16,,,0,151,,1332,19,,,0
9001,'5226',1412,,1333,19,,,0,193,,1334,16,,,0,151,,1335,19,,,0
9001,'5228',727,,1341,19,,,0,117,,1342,16,,,0,162,,1340,19,,,0,99,,1347,16,,,0,2,,1349,16,,,0,118,,1339,16,,,0,102,,1346,19,,,0,80,,1338,19,,,0,133,,1343,16,,,0,2,,1350,16,,,0,114,,1348,19,,,0,99,,1344,16,,,0,2,,1351,16,,,0,162,,1345,16,,,0,102,,1337,19,,,0,120,,1336,19,,,0
