400,'4706',621,,187,39,,,0,125,,188,39,,,0,275,,189,39,,,0,220,,190,39,,,0,115,,191,39,,,0,450,,186,39,,,0,145,,185,39,,,0
400,'4707',1645,,193,39,,,0,657,,192,43,,,0
400,'4890',1645,,194,39,,,0
400,'5009',732,,202,39,,,0,280,,197,39,,,0,120,,196,39,,,0,209,,199,39,,,0,211,,198,39,,,0,262,,200,39,,,0,122,,201,39,,,0,305,,195,39,,,0
400,'5010',732,,210,39,,,0,280,,205,39,,,0,120,,204,39,,,0,209,,207,39,,,0,211,,206,39,,,0,262,,208,39,,,0,122,,209,39,,,0,305,,203,39,,,0
400,'5106',621,,535,39,,,0,125,,536,39,,,0,275,,537,39,,,0,220,,538,39,,,0,115,,539,39,,,0,450,,534,39,,,0,140,,533,39,,,0
400,'5107',1645,,540,39,,,0
400,'5108',1645,,542,39,,,0,657,,541,43,,,0
400,'5109',731,,550,39,,,0,281,,545,39,,,0,122,,544,39,,,0,207,,547,39,,,0,206,,546,39,,,0,264,,548,39,,,0,126,,549,39,,,0,302,,543,39,,,0
400,'5110',731,,558,39,,,0,282,,553,39,,,0,119,,552,39,,,0,207,,555,39,,,0,213,,554,39,,,0,263,,556,39,,,0,122,,557,39,,,0,302,,551,39,,,0
