101,'4532',610,,1047,8,,,0,231,,1051,8,,,0,260,,1053,8,,,0,220,,1052,8,,,0,215,,1054,8,,,0,215,,1055,8,,,0,165,,1050,8,,,0,220,,1049,8,,,0,95,,1056,8,,,0,205,,1048,8,,,0
101,'5106',625,,751,8,,,0,82,,755,8,,,0,134,,752,8,,,0,114,,753,8,,,0,145,,754,8,,,0,105,,756,8,,,0,115,,398,8,,,0,116,,397,8,,,0,99,,743,8,,,0,121,,744,8,,,0,99,,384,8,,,0,160,,745,8,,,0,100,,746,8,,,0,120,,747,8,,,0,100,,748,8,,,0,201,,750,8,,,0
101,'5224',625,,1066,8,,,0,82,,1070,8,,,0,134,,1067,8,,,0,159,,1068,8,,,0,100,,1069,8,,,0,121,,1071,8,,,0,99,,1073,8,,,0,111,,1072,8,,,0,104,,1057,8,,,0,116,,1058,8,,,0,99,,1059,8,,,0,165,,1060,8,,,0,100,,1061,8,,,0,120,,1062,8,,,0,100,,1063,8,,,0,201,,1065,8,,,0
101,'5228',610,,1074,8,,,0,231,,1078,8,,,0,260,,1080,8,,,0,220,,1079,8,,,0,215,,1081,8,,,0,215,,1082,8,,,0,165,,1077,8,,,0,220,,1076,8,,,0,95,,1083,8,,,0,205,,1075,8,,,0
9001,'4532',714,,1290,4,,,0,238,,1289,4,,,0,360,,1296,4,,,0,2,,1300,4,,,0,38,,1291,4,,,0,290,,1298,4,,,0,365,,1287,4,,,0,120,,1286,4,,,0
9001,'5106',632,,986,4,,,0,75,,987,4,,,0,33,,988,4,,,0,92,,980,4,,,0,25,,989,4,,,0,64,,990,4,,,0,33,,991,4,,,0,98,,982,4,,,0,150,,1002,4,,,0,35,,993,4,,,0,105,,999,4,,,0,15,,995,4,,,0,72,,1003,4,,,0,98,,981,4,,,0,100,,994,4,,,0,120,,997,4,,,0,70,,1007,4,,,0,95,,985,4,,,0,130,,1005,4,,,0,85,,998,4,,,0,100,,984,4,,,0
9001,'5224',632,,1310,4,,,0,75,,1311,4,,,0,33,,1312,4,,,0,97,,1303,4,,,0,20,,1313,4,,,0,64,,1314,4,,,0,36,,1315,4,,,0,95,,1306,4,,,0,160,,1324,4,,,0,25,,1317,4,,,0,105,,1321,4,,,0,80,,1325,4,,,0,105,,1304,4,,,0,100,,1318,4,,,0,190,,1329,4,,,0,90,,1309,4,,,0,135,,1327,4,,,0,85,,1320,4,,,0,100,,1308,4,,,0
9001,'5225',1357,,1330,4,,,0,385,,1332,4,,,0
9001,'5226',1357,,1333,4,,,0,385,,1335,4,,,0
9001,'5228',714,,1341,4,,,0,238,,1340,4,,,0,360,,1346,4,,,0,40,,1338,4,,,0,290,,1348,4,,,0,365,,1337,4,,,0,120,,1336,4,,,0
