400,'4706',614,,187,26,,,0,125,,188,26,,,0,275,,189,26,,,0,220,,190,26,,,0,115,,191,26,,,0,410,,186,26,,,0,185,,185,26,,,0
400,'4707',1638,,193,26,,,0,617,,192,30,,,0
400,'4890',1638,,194,26,,,0
400,'5009',725,,202,26,,,0,280,,197,26,,,0,120,,196,26,,,0,209,,199,26,,,0,210,,198,26,,,0,263,,200,26,,,0,121,,201,26,,,0,306,,195,26,,,0
400,'5010',725,,210,26,,,0,280,,205,26,,,0,120,,204,26,,,0,209,,207,26,,,0,210,,206,26,,,0,263,,208,26,,,0,121,,209,26,,,0,306,,203,26,,,0
400,'5106',614,,535,26,,,0,125,,536,26,,,0,275,,537,26,,,0,220,,538,26,,,0,115,,539,26,,,0,410,,534,26,,,0,180,,533,26,,,0
400,'5107',1638,,540,26,,,0
400,'5108',1638,,542,26,,,0,617,,541,30,,,0
400,'5109',724,,550,26,,,0,281,,545,26,,,0,122,,544,26,,,0,207,,547,26,,,0,206,,546,26,,,0,264,,548,26,,,0,126,,549,26,,,0,302,,543,26,,,0
400,'5110',724,,558,26,,,0,281,,553,26,,,0,121,,552,26,,,0,205,,555,26,,,0,214,,554,26,,,0,262,,556,26,,,0,123,,557,26,,,0,302,,551,26,,,0
