100,'4532',553,,1010,83,,,0,263,,1011,83,,,0,224,,1012,83,,,0,211,,1013,83,,,0,259,,1014,83,,,0,220,,1015,83,,,0,125,,1016,83,,,0,255,,1017,83,,,0,95,,1019,83,,,0,206,,1018,83,,,0
100,'5106',601,,718,83,,,0,41,,720,83,,,0,174,,717,83,,,0,100,,722,89,0,5 6 2,0,120,,719,83,,,0,105,,721,83,,,0,110,,360,89,0,5 6 2,0,105,,346,83,,,0,155,,723,89,0,5 6 2,0,115,,710,83,,,0,105,,347,89,0,5 6 2,0,119,,712,83,,,0,100,,713,83,,,0,166,,714,83,,,0,90,,711,83,,,0,151,,716,83,,,0
100,'5224',601,,1030,83,,,0,41,,1032,83,,,0,174,,1029,83,,,0,100,,1034,89,0,5 6 2,0,120,,1031,83,,,0,105,,1033,83,,,0,110,,1035,89,0,5 6 2,0,105,,1021,83,,,0,155,,1036,89,0,5 6 2,0,115,,1020,83,,,0,105,,1022,89,0,5 6 2,0,114,,1024,83,,,0,105,,1025,83,,,0,166,,1026,83,,,0,90,,1023,83,,,0,151,,1028,83,,,0
100,'5228',552,,1037,83,,,0,264,,1038,83,,,0,225,,1039,83,,,0,210,,1040,83,,,0,260,,1041,83,,,0,220,,1042,83,,,0,115,,1043,83,,,0,265,,1044,83,,,0,95,,1046,83,,,0,205,,1045,83,,,0
9000,'4532',653,,1220,49,,,0,163,,1230,49,,,0,210,,1233,49,,,0,10,,1232,49,,,0,115,,1225,49,,,0,90,,1234,49,,,0,10,,1231,49,,,0,260,,1228,49,,,0,335,,1226,49,,,0,260,,1224,49,,,0
9000,'5106',621,,937,49,,,0,98,,922,49,,,0,29,,914,49,,,0,161,,936,49,,,0,30,,924,49,,,0,170,,926,49,,,0,30,,934,49,,,0,179,,939,49,,,0,22,,927,49,,,0,70,,935,49,,,0,130,,928,49,,,0,91,,933,49,,,0,72,,930,49,,,0,98,,918,49,,,0,145,,931,49,,,0,75,,920,49,,,0,185,,919,49,,,0
9000,'5224',621,,1260,49,,,0,98,,1245,49,,,0,28,,1237,49,,,0,162,,1259,49,,,0,26,,1247,49,,,0,174,,1249,49,,,0,41,,1257,49,,,0,168,,1262,49,,,0,92,,1258,49,,,0,221,,1256,49,,,0,72,,1252,49,,,0,98,,1241,49,,,0,145,,1253,49,,,0,75,,1243,49,,,0,185,,1242,49,,,0
9000,'5225',1340,,1264,49,,,0,200,,1265,49,,,0
9000,'5226',1340,,1267,49,,,0,200,,1268,49,,,0
9000,'5228',653,,1270,49,,,0,163,,1278,49,,,0,210,,1285,49,,,0,10,,1280,49,,,0,115,,1274,49,,,0,100,,1279,49,,,0,250,,1284,49,,,0,10,,1281,49,,,0,335,,1275,49,,,0,260,,1273,49,,,0
