101,'4706',710,,45,71,,,0,40,,49,71,,,0,178,,46,71,,,0,114,,47,71,,,0,111,,48,71,,,0,98,,50,71,,,0,159,,52,71,,,0,113,,51,71,,,0,101,,36,71,,,0,92,,37,71,,,0,125,,38,71,,,0,165,,39,71,,,0,100,,40,71,,,0,115,,41,71,,,0,99,,42,71,,,0,28,,43,51,,,0,173,,44,71,,,0
101,'4822',654,,409,71,,,0,274,,413,71,,,0,223,,415,71,,,0,260,,414,71,,,0,213,,416,71,,,0,220,,417,71,,,0,163,,412,71,,,0,215,,411,71,,,0,95,,418,71,,,0,203,,410,71,,,0
101,'4826',654,,399,71,,,0,274,,403,71,,,0,223,,405,71,,,0,260,,404,71,,,0,213,,406,71,,,0,220,,407,71,,,0,163,,402,71,,,0,215,,401,71,,,0,95,,408,71,,,0,203,,400,71,,,0
101,'5106',710,,391,71,,,0,40,,395,71,,,0,178,,392,71,,,0,114,,393,71,,,0,106,,394,71,,,0,103,,396,71,,,0,159,,398,71,,,0,113,,397,71,,,0,101,,382,71,,,0,117,,383,71,,,0,100,,384,71,,,0,160,,385,71,,,0,100,,386,71,,,0,120,,387,71,,,0,99,,388,71,,,0,28,,389,51,,,0,173,,390,71,,,0
9001,'4706',625,,270,31,,,0,31,,277,34,,,0,76,,278,34,,,0,75,,279,34,,,0,29,,295,31,,,0,23,,271,34,,,0,65,,280,34,,,0,23,,281,34,,,0,73,,282,34,,,0,27,,292,31,,,0,71,,273,34,,,0,38,,283,31,,,0,72,,293,34,,,0,76,,284,34,,,0,35,,301,31,,,0,72,,290,34,,,0,15,,286,34,,,0,32,,294,34,,,0,75,,302,31,,,0,25,,272,34,,,0,66,,287,31,,,0,31,,285,34,,,0,68,,297,31,,,0,24,,291,31,,,0,67,,288,34,,,0,30,,298,34,,,0,92,,276,34,,,0,96,,274,31,,,0,77,,296,34,,,0,45,,289,34,,,0,100,,275,34,,,0
9001,'4822',739,,679,34,,,0,119,,681,31,,,0,101,,678,34,,,0,159,,686,31,,,0,2,,687,31,,,0,98,,677,31,,,0,123,,685,34,,,0,90,,676,34,,,0,124,,682,31,,,0,4,,689,31,,,0,86,,680,34,,,0,70,,690,34,,,0,98,,683,31,,,0,2,,688,31,,,0,121,,684,31,,,0,97,,675,34,,,0,120,,674,34,,,0
9001,'4826',739,,663,34,,,0,119,,665,31,,,0,101,,662,34,,,0,159,,670,31,,,0,2,,671,31,,,0,98,,661,31,,,0,123,,669,34,,,0,2,,672,34,,,0,88,,660,34,,,0,124,,666,31,,,0,90,,664,34,,,0,168,,667,31,,,0,2,,673,31,,,0,121,,668,31,,,0,97,,659,34,,,0,120,,658,34,,,0
9001,'4967',1339,,625,31,,,0,194,,626,31,,,0
9001,'5106',625,,627,31,,,0,31,,634,34,,,0,76,,635,34,,,0,75,,636,34,,,0,29,,652,31,,,0,23,,628,34,,,0,65,,637,34,,,0,23,,638,34,,,0,73,,639,34,,,0,27,,649,31,,,0,71,,630,34,,,0,38,,640,31,,,0,72,,650,34,,,0,76,,641,34,,,0,107,,647,34,,,0,15,,643,34,,,0,32,,651,34,,,0,100,,629,34,,,0,66,,644,31,,,0,31,,642,34,,,0,58,,654,31,,,0,34,,648,31,,,0,67,,645,34,,,0,30,,655,34,,,0,95,,633,34,,,0,93,,631,31,,,0,77,,653,34,,,0,45,,646,34,,,0,100,,632,34,,,0
9001,'5107',1339,,656,31,,,0,194,,657,31,,,0
