100,'4532',555,,1010,87,,,0,263,,1011,87,,,0,225,,1012,87,,,0,210,,1013,87,,,0,260,,1014,87,,,0,220,,1015,87,,,0,125,,1016,87,,,0,255,,1017,87,,,0,95,,1019,87,,,0,205,,1018,87,,,0
100,'5106',604,,718,87,,,0,41,,720,87,,,0,174,,717,87,,,0,100,,722,93,0,5 6 2,0,120,,719,87,,,0,105,,721,87,,,0,110,,360,93,0,5 6 2,0,105,,346,87,,,0,155,,723,93,0,5 6 2,0,114,,710,87,,,0,106,,347,93,0,5 6 2,0,119,,712,87,,,0,100,,713,87,,,0,165,,714,87,,,0,90,,711,87,,,0,151,,716,87,,,0
100,'5224',604,,1030,87,,,0,41,,1032,87,,,0,174,,1029,87,,,0,100,,1034,93,0,5 6 2,0,120,,1031,87,,,0,105,,1033,87,,,0,110,,1035,93,0,5 6 2,0,105,,1021,87,,,0,155,,1036,93,0,5 6 2,0,114,,1020,87,,,0,106,,1022,93,0,5 6 2,0,114,,1024,87,,,0,105,,1025,87,,,0,165,,1026,87,,,0,90,,1023,87,,,0,151,,1028,87,,,0
100,'5228',555,,1037,87,,,0,264,,1038,87,,,0,224,,1039,87,,,0,210,,1040,87,,,0,260,,1041,87,,,0,220,,1042,87,,,0,115,,1043,87,,,0,265,,1044,87,,,0,95,,1046,87,,,0,205,,1045,87,,,0
9000,'4532',656,,1220,53,,,0,163,,1230,53,,,0,210,,1233,53,,,0,10,,1232,53,,,0,115,,1225,53,,,0,90,,1234,53,,,0,10,,1231,53,,,0,259,,1228,53,,,0,335,,1226,53,,,0,260,,1224,53,,,0
9000,'5106',624,,937,53,,,0,98,,922,53,,,0,29,,914,53,,,0,161,,936,53,,,0,30,,924,53,,,0,170,,926,53,,,0,30,,934,53,,,0,179,,939,53,,,0,22,,927,53,,,0,70,,935,53,,,0,130,,928,53,,,0,90,,933,53,,,0,72,,930,53,,,0,98,,918,53,,,0,145,,931,53,,,0,75,,920,53,,,0,185,,919,53,,,0
9000,'5224',624,,1260,53,,,0,98,,1245,53,,,0,28,,1237,53,,,0,162,,1259,53,,,0,26,,1247,53,,,0,174,,1249,53,,,0,41,,1257,53,,,0,168,,1262,53,,,0,92,,1258,53,,,0,220,,1256,53,,,0,72,,1252,53,,,0,98,,1241,53,,,0,145,,1253,53,,,0,75,,1243,53,,,0,185,,1242,53,,,0
9000,'5225',1343,,1264,53,,,0,200,,1265,53,,,0
9000,'5226',1343,,1267,53,,,0,200,,1268,53,,,0
9000,'5228',656,,1270,53,,,0,163,,1278,53,,,0,210,,1285,53,,,0,10,,1280,53,,,0,115,,1274,53,,,0,99,,1279,53,,,0,250,,1284,53,,,0,10,,1281,53,,,0,335,,1275,53,,,0,261,,1273,53,,,0
