100,'4532',528,,1010,47,,,0,222,,1011,47,,,0,263,,1012,47,,,0,211,,1013,47,,,0,219,,1014,47,,,0,260,,1015,47,,,0,126,,1016,47,,,0,217,,1017,47,,,0,95,,1019,47,,,0,206,,1018,47,,,0
100,'5106',537,,718,47,,,0,81,,720,47,,,0,132,,717,47,,,0,99,,722,53,0,5 6 2,0,161,,719,47,,,0,105,,721,47,,,0,108,,360,53,0,5 6 2,0,107,,346,47,,,0,113,,723,53,0,5 6 2,0,116,,710,47,,,0,145,,347,53,0,5 6 2,0,119,,712,47,,,0,101,,713,47,,,0,126,,714,47,,,0,90,,711,47,,,0,113,,715,47,0,7 8,0,78,,716,47,,,0
100,'5224',537,,1030,47,,,0,81,,1032,47,,,0,132,,1029,47,,,0,99,,1034,53,0,5 6 2,0,161,,1031,47,,,0,105,,1033,47,,,0,108,,1035,53,0,5 6 2,0,107,,1021,47,,,0,113,,1036,53,0,5 6 2,0,116,,1020,47,,,0,145,,1022,53,0,5 6 2,0,114,,1024,47,,,0,106,,1025,47,,,0,126,,1026,47,,,0,90,,1023,47,,,0,113,,1027,47,0,7 8,0,78,,1028,47,,,0
100,'5228',528,,1037,47,,,0,224,,1038,47,,,0,262,,1039,47,,,0,210,,1040,47,,,0,221,,1041,47,,,0,260,,1042,47,,,0,115,,1043,47,,,0,225,,1044,47,,,0,95,,1046,47,,,0,206,,1045,47,,,0
9000,'4532',641,,1220,33,,,0,163,,1230,33,,,0,119,,1221,33,,,0,90,,1233,33,,,0,10,,1232,33,,,0,115,,1225,33,,,0,90,,1234,33,,,0,10,,1231,33,,,0,90,,1222,33,,,0,128,,1228,33,,,0,157,,1223,33,,,0,95,,1235,33,,,0,10,,1227,33,,,0,113,,1226,33,,,0,107,,1229,33,,,0,114,,1224,33,,,0
9000,'5106',541,,913,33,,,0,68,,937,33,,,0,35,,921,33,,,0,62,,922,33,,,0,29,,914,33,,,0,67,,923,33,,,0,27,,938,33,,,0,26,,936,33,,,0,70,,924,33,,,0,28,,925,33,,,0,70,,915,33,,,0,32,,926,33,,,0,70,,934,33,,,0,77,,916,33,,,0,36,,943,33,,,0,65,,939,33,,,0,22,,927,33,,,0,30,,935,33,,,0,73,,942,33,,,0,30,,917,33,,,0,67,,928,33,,,0,32,,929,33,,,0,59,,933,33,,,0,32,,930,33,,,0,69,,940,33,,,0,29,,918,33,,,0,92,,941,33,,,0,94,,931,33,,,0,75,,920,33,,,0,52,,932,33,,,0,94,,919,33,,,0
9000,'5224',541,,1236,33,,,0,68,,1260,33,,,0,35,,1244,33,,,0,62,,1245,33,,,0,28,,1237,33,,,0,68,,1246,33,,,0,27,,1261,33,,,0,26,,1259,33,,,0,66,,1247,33,,,0,32,,1248,33,,,0,70,,1238,33,,,0,32,,1249,33,,,0,81,,1257,33,,,0,66,,1239,33,,,0,36,,1255,33,,,0,65,,1262,33,,,0,52,,1258,33,,,0,73,,1250,33,,,0,30,,1240,33,,,0,99,,1251,33,,,0,59,,1256,33,,,0,32,,1252,33,,,0,98,,1241,33,,,0,92,,1263,33,,,0,94,,1253,33,,,0,75,,1243,33,,,0,52,,1254,33,,,0,94,,1242,33,,,0
9000,'5225',1325,,1264,33,,,0,200,,1265,33,,,0,182,,1266,33,,,0
9000,'5226',1325,,1267,33,,,0,200,,1268,33,,,0,182,,1269,33,,,0
9000,'5228',640,,1270,33,,,0,163,,1278,33,,,0,121,,1271,33,,,0,89,,1285,33,,,0,10,,1280,33,,,0,115,,1274,33,,,0,99,,1279,33,,,0,92,,1272,33,,,0,118,,1284,33,,,0,10,,1281,33,,,0,162,,1282,33,,,0,90,,1283,33,,,0,10,,1276,33,,,0,113,,1275,33,,,0,108,,1277,33,,,0,114,,1273,33,,,0
