100,'4706',552,,11,69,,,0,81,,13,69,,,0,173,,10,69,,,0,100,,15,75,0,5 6 2,0,125,,12,69,,,0,100,,14,69,,,0,109,,16,75,0,5 6 2,0,106,,2,69,,,0,154,,17,75,0,5 6 2,0,55,,1,69,,,0,166,,3,75,0,5 6 2,0,124,,5,69,,,0,100,,6,69,,,0,161,,7,69,,,0,95,,4,69,,,0,108,,8,69,0,7 8,0,38,,9,69,,,0
100,'5010',542,,27,69,,,0,264,,28,69,,,0,221,,29,69,,,0,211,,30,69,,,0,217,,31,69,,,0,265,,32,69,,,0,125,,33,69,,,0,256,,34,69,,,0,300,,35,69,,,0
100,'5106',552,,355,69,,,0,81,,357,69,,,0,173,,354,69,,,0,100,,359,75,0,5 6 2,0,120,,356,69,,,0,105,,358,69,,,0,109,,360,75,0,5 6 2,0,106,,346,69,,,0,154,,361,75,0,5 6 2,0,115,,345,69,,,0,106,,347,75,0,5 6 2,0,118,,349,69,,,0,101,,350,69,,,0,166,,351,69,,,0,50,,348,69,,,0,153,,352,69,0,7 8,0,38,,353,69,,,0
100,'5109',543,,362,69,,,0,264,,363,69,,,0,223,,364,69,,,0,211,,365,69,,,0,216,,366,69,,,0,264,,367,69,,,0,124,,368,69,,,0,256,,369,69,,,0,55,,371,69,,,0,245,,370,69,,,0
100,'5110',543,,372,69,,,0,264,,373,69,,,0,223,,374,69,,,0,211,,375,69,,,0,216,,376,69,,,0,264,,377,69,,,0,119,,378,69,,,0,261,,379,69,,,0,55,,381,69,,,0,245,,380,69,,,0
101,'4706',633,,45,19,,,0,82,,49,19,,,0,134,,46,19,,,0,154,,47,19,,,0,110,,48,19,,,0,100,,50,19,,,0,115,,52,19,,,0,116,,51,19,,,0,99,,36,19,,,0,96,,37,19,,,0,164,,38,19,,,0,125,,39,19,,,0,100,,40,19,,,0,115,,41,19,,,0,100,,42,19,,,0,201,,44,19,,,0
101,'5010',618,,62,19,,,0,231,,66,19,,,0,260,,68,19,,,0,219,,67,19,,,0,215,,69,19,,,0,260,,70,19,,,0,125,,65,19,,,0,215,,64,19,,,0,300,,63,19,,,0
101,'5106',633,,391,19,,,0,82,,395,19,,,0,134,,392,19,,,0,154,,393,19,,,0,105,,394,19,,,0,105,,396,19,,,0,115,,398,19,,,0,116,,397,19,,,0,99,,382,19,,,0,161,,383,19,,,0,99,,384,19,,,0,120,,385,19,,,0,100,,386,19,,,0,120,,387,19,,,0,100,,388,19,,,0,201,,390,19,,,0
101,'5109',618,,399,19,,,0,232,,403,19,,,0,260,,405,19,,,0,220,,404,19,,,0,214,,406,19,,,0,260,,407,19,,,0,125,,402,19,,,0,215,,401,19,,,0,95,,408,19,,,0,205,,400,19,,,0
101,'5110',618,,409,19,,,0,232,,413,19,,,0,260,,415,19,,,0,220,,414,19,,,0,214,,416,19,,,0,260,,417,19,,,0,125,,412,19,,,0,215,,411,19,,,0,95,,418,19,,,0,205,,410,19,,,0
