9001,'4706',617,,270,21,,,0,31,,277,24,,,0,75,,278,24,,,0,34,,279,24,,,0,69,,295,21,,,0,24,,271,24,,,0,65,,280,24,,,0,24,,281,24,,,0,73,,282,24,,,0,27,,292,21,,,0,71,,273,24,,,0,38,,283,21,,,0,72,,293,24,,,0,35,,284,24,,,0,146,,290,24,,,0,15,,286,24,,,0,33,,294,24,,,0,99,,272,24,,,0,67,,287,21,,,0,31,,285,24,,,0,68,,297,21,,,0,24,,291,21,,,0,67,,288,24,,,0,30,,298,24,,,0,92,,276,24,,,0,96,,274,21,,,0,77,,296,24,,,0,45,,289,24,,,0,100,,275,24,,,0
9001,'4707',1329,,299,21,,,0,193,,300,21,,,0
9001,'4890',1329,,301,21,,,0,193,,302,21,,,0
9001,'5009',730,,308,24,,,0,118,,310,21,,,0,102,,307,24,,,0,159,,315,21,,,0,98,,340,21,,,0,124,,314,24,,,0,88,,339,24,,,0,128,,311,21,,,0,89,,341,24,,,0,168,,312,21,,,0,124,,313,21,,,0,97,,304,24,,,0,120,,303,24,,,0
9001,'5010',730,,321,24,,,0,118,,323,21,,,0,102,,320,24,,,0,159,,328,21,,,0,98,,343,21,,,0,124,,327,24,,,0,88,,342,24,,,0,128,,324,21,,,0,89,,344,24,,,0,168,,325,21,,,0,124,,326,21,,,0,97,,317,24,,,0,120,,316,24,,,0
9001,'5106',617,,625,21,,,0,31,,632,24,,,0,75,,633,24,,,0,34,,634,24,,,0,69,,650,21,,,0,24,,626,24,,,0,65,,635,24,,,0,24,,636,24,,,0,73,,637,24,,,0,27,,647,21,,,0,71,,628,24,,,0,38,,638,21,,,0,72,,648,24,,,0,35,,639,24,,,0,146,,645,24,,,0,15,,641,24,,,0,33,,649,24,,,0,99,,627,24,,,0,67,,642,21,,,0,31,,640,24,,,0,58,,652,21,,,0,34,,646,21,,,0,67,,643,24,,,0,30,,653,24,,,0,95,,631,24,,,0,93,,629,21,,,0,77,,651,24,,,0,45,,644,24,,,0,100,,630,24,,,0
9001,'5107',1329,,654,21,,,0,193,,655,21,,,0
9001,'5108',1329,,656,21,,,0,193,,657,21,,,0
9001,'5109',731,,663,24,,,0,118,,665,21,,,0,101,,662,24,,,0,159,,670,21,,,0,2,,671,21,,,0,98,,661,21,,,0,122,,669,24,,,0,2,,672,24,,,0,88,,660,24,,,0,124,,666,21,,,0,91,,664,24,,,0,168,,667,21,,,0,2,,673,21,,,0,122,,668,21,,,0,97,,659,24,,,0,120,,658,24,,,0
9001,'5110',731,,679,24,,,0,118,,681,21,,,0,101,,678,24,,,0,159,,686,21,,,0,2,,687,21,,,0,98,,677,21,,,0,122,,685,24,,,0,90,,676,24,,,0,124,,682,21,,,0,5,,689,21,,,0,86,,680,24,,,0,70,,690,24,,,0,98,,683,21,,,0,2,,688,21,,,0,122,,684,21,,,0,97,,675,24,,,0,120,,674,24,,,0
