100,'4532',555,,1010,86,,,0,263,,1011,86,,,0,225,,1012,86,,,0,210,,1013,86,,,0,260,,1014,86,,,0,220,,1015,86,,,0,125,,1016,86,,,0,255,,1017,86,,,0,95,,1019,86,,,0,205,,1018,86,,,0
100,'5106',603,,718,86,,,0,41,,720,86,,,0,174,,717,86,,,0,100,,722,92,0,5 6 2,0,120,,719,86,,,0,105,,721,86,,,0,110,,360,92,0,5 6 2,0,105,,346,86,,,0,155,,723,92,0,5 6 2,0,115,,710,86,,,0,105,,347,92,0,5 6 2,0,120,,712,86,,,0,100,,713,86,,,0,165,,714,86,,,0,90,,711,86,,,0,151,,716,86,,,0
100,'5224',603,,1030,86,,,0,41,,1032,86,,,0,174,,1029,86,,,0,100,,1034,92,0,5 6 2,0,120,,1031,86,,,0,105,,1033,86,,,0,110,,1035,92,0,5 6 2,0,105,,1021,86,,,0,155,,1036,92,0,5 6 2,0,115,,1020,86,,,0,105,,1022,92,0,5 6 2,0,115,,1024,86,,,0,105,,1025,86,,,0,165,,1026,86,,,0,90,,1023,86,,,0,151,,1028,86,,,0
100,'5228',554,,1037,86,,,0,264,,1038,86,,,0,225,,1039,86,,,0,210,,1040,86,,,0,260,,1041,86,,,0,220,,1042,86,,,0,115,,1043,86,,,0,265,,1044,86,,,0,95,,1046,86,,,0,205,,1045,86,,,0
9000,'4532',655,,1220,52,,,0,163,,1230,52,,,0,210,,1233,52,,,0,10,,1232,52,,,0,115,,1225,52,,,0,90,,1234,52,,,0,10,,1231,52,,,0,260,,1228,52,,,0,335,,1226,52,,,0,260,,1224,52,,,0
9000,'5106',623,,937,52,,,0,98,,922,52,,,0,29,,914,52,,,0,162,,936,52,,,0,30,,924,52,,,0,170,,926,52,,,0,30,,934,52,,,0,179,,939,52,,,0,22,,927,52,,,0,70,,935,52,,,0,130,,928,52,,,0,90,,933,52,,,0,72,,930,52,,,0,98,,918,52,,,0,145,,931,52,,,0,75,,920,52,,,0,185,,919,52,,,0
9000,'5224',623,,1260,52,,,0,98,,1245,52,,,0,28,,1237,52,,,0,163,,1259,52,,,0,26,,1247,52,,,0,174,,1249,52,,,0,41,,1257,52,,,0,168,,1262,52,,,0,92,,1258,52,,,0,220,,1256,52,,,0,72,,1252,52,,,0,98,,1241,52,,,0,145,,1253,52,,,0,75,,1243,52,,,0,185,,1242,52,,,0
9000,'5225',1343,,1264,52,,,0,200,,1265,52,,,0
9000,'5226',1343,,1267,52,,,0,200,,1268,52,,,0
9000,'5228',655,,1270,52,,,0,163,,1278,52,,,0,210,,1285,52,,,0,10,,1280,52,,,0,115,,1274,52,,,0,100,,1279,52,,,0,250,,1284,52,,,0,10,,1281,52,,,0,335,,1275,52,,,0,260,,1273,52,,,0
