400,'4706',610,,187,19,,,0,124,,188,19,,,0,276,,189,19,,,0,220,,190,19,,,0,115,,191,19,,,0,410,,186,19,,,0,185,,185,19,,,0
400,'4707',1634,,193,19,,,0,617,,192,23,,,0
400,'4890',1634,,194,19,,,0
400,'5009',720,,202,19,,,0,281,,197,19,,,0,120,,196,19,,,0,209,,199,19,,,0,209,,198,19,,,0,264,,200,19,,,0,121,,201,19,,,0,306,,195,19,,,0
400,'5010',720,,210,19,,,0,281,,205,19,,,0,120,,204,19,,,0,209,,207,19,,,0,209,,206,19,,,0,264,,208,19,,,0,121,,209,19,,,0,306,,203,19,,,0
400,'5106',610,,535,19,,,0,124,,536,19,,,0,276,,537,19,,,0,220,,538,19,,,0,115,,539,19,,,0,410,,534,19,,,0,180,,533,19,,,0
400,'5107',1634,,540,19,,,0
400,'5108',1634,,542,19,,,0,617,,541,23,,,0
400,'5109',720,,550,19,,,0,281,,545,19,,,0,122,,544,19,,,0,207,,547,19,,,0,206,,546,19,,,0,264,,548,19,,,0,126,,549,19,,,0,302,,543,19,,,0
400,'5110',720,,558,19,,,0,281,,553,19,,,0,120,,552,19,,,0,206,,555,19,,,0,214,,554,19,,,0,262,,556,19,,,0,123,,557,19,,,0,302,,551,19,,,0
