9000,'4706',536,,211,25,,,0,68,,235,25,,,0,35,,219,25,,,0,62,,220,25,,,0,29,,212,25,,,0,27,,221,25,,,0,66,,236,25,,,0,26,,234,25,,,0,71,,222,25,,,0,28,,223,25,,,0,70,,213,25,,,0,32,,224,25,,,0,70,,232,25,,,0,37,,214,25,,,0,101,,237,25,,,0,62,,225,25,,,0,30,,233,25,,,0,103,,215,25,,,0,66,,226,25,,,0,32,,227,25,,,0,67,,231,25,,,0,25,,228,25,,,0,69,,238,25,,,0,29,,216,25,,,0,97,,239,25,,,0,89,,229,25,,,0,75,,218,25,,,0,52,,230,25,,,0,94,,217,25,,,0
9000,'4707',1233,,241,25,,,0,190,,240,25,,,0
9000,'4890',1233,,243,25,,,0,190,,242,25,,,0
9000,'5009',635,,244,25,,,0,121,,254,25,,,0,100,,245,25,,,0,160,,256,25,,,0,95,,335,25,,,0,119,,255,25,,,0,91,,333,25,,,0,129,,252,25,,,0,97,,334,25,,,0,160,,251,25,,,0,109,,250,25,,,0,112,,253,25,,,0,119,,248,25,,,0
9000,'5010',635,,257,25,,,0,121,,267,25,,,0,100,,258,25,,,0,160,,269,25,,,0,95,,338,25,,,0,119,,268,25,,,0,91,,336,25,,,0,129,,265,25,,,0,97,,337,25,,,0,160,,264,25,,,0,109,,263,25,,,0,112,,266,25,,,0,119,,261,25,,,0
9000,'5106',536,,559,25,,,0,68,,583,25,,,0,35,,567,25,,,0,62,,568,25,,,0,29,,560,25,,,0,27,,569,25,,,0,66,,584,25,,,0,26,,582,25,,,0,71,,570,25,,,0,28,,571,25,,,0,70,,561,25,,,0,32,,572,25,,,0,70,,580,25,,,0,37,,562,25,,,0,101,,585,25,,,0,62,,573,25,,,0,30,,581,25,,,0,103,,563,25,,,0,66,,574,25,,,0,32,,575,25,,,0,60,,579,25,,,0,32,,576,25,,,0,69,,586,25,,,0,29,,564,25,,,0,92,,587,25,,,0,94,,577,25,,,0,75,,566,25,,,0,52,,578,25,,,0,94,,565,25,,,0
9000,'5107',1233,,589,25,,,0,190,,588,25,,,0
9000,'5108',1233,,591,25,,,0,190,,590,25,,,0
9000,'5109',636,,592,25,,,0,118,,602,25,,,0,104,,593,25,,,0,150,,605,25,,,0,10,,604,25,,,0,95,,597,25,,,0,110,,606,25,,,0,11,,603,25,,,0,88,,594,25,,,0,128,,600,25,,,0,96,,595,25,,,0,156,,607,25,,,0,10,,599,25,,,0,109,,598,25,,,0,107,,601,25,,,0,119,,596,25,,,0
9000,'5110',636,,608,25,,,0,118,,618,25,,,0,104,,609,25,,,0,150,,621,25,,,0,10,,620,25,,,0,95,,613,25,,,0,120,,619,25,,,0,89,,610,25,,,0,118,,616,25,,,0,10,,623,25,,,0,97,,611,25,,,0,65,,624,25,,,0,90,,622,25,,,0,10,,615,25,,,0,111,,614,25,,,0,105,,617,25,,,0,119,,612,25,,,0
