400,'4706',620,,187,37,,,0,125,,188,37,,,0,275,,189,37,,,0,220,,190,37,,,0,115,,191,37,,,0,450,,186,37,,,0,145,,185,37,,,0
400,'4707',1644,,193,37,,,0,657,,192,41,,,0
400,'4890',1644,,194,37,,,0
400,'5009',731,,202,37,,,0,280,,197,37,,,0,120,,196,37,,,0,209,,199,37,,,0,210,,198,37,,,0,263,,200,37,,,0,121,,201,37,,,0,306,,195,37,,,0
400,'5010',731,,210,37,,,0,280,,205,37,,,0,120,,204,37,,,0,209,,207,37,,,0,210,,206,37,,,0,263,,208,37,,,0,121,,209,37,,,0,306,,203,37,,,0
400,'5106',620,,535,37,,,0,125,,536,37,,,0,275,,537,37,,,0,220,,538,37,,,0,115,,539,37,,,0,450,,534,37,,,0,140,,533,37,,,0
400,'5107',1644,,540,37,,,0
400,'5108',1644,,542,37,,,0,657,,541,41,,,0
400,'5109',730,,550,37,,,0,281,,545,37,,,0,122,,544,37,,,0,207,,547,37,,,0,206,,546,37,,,0,264,,548,37,,,0,126,,549,37,,,0,302,,543,37,,,0
400,'5110',730,,558,37,,,0,281,,553,37,,,0,120,,552,37,,,0,206,,555,37,,,0,214,,554,37,,,0,262,,556,37,,,0,123,,557,37,,,0,302,,551,37,,,0
