400,'4706',612,,187,22,,,0,125,,188,22,,,0,275,,189,22,,,0,220,,190,22,,,0,115,,191,22,,,0,410,,186,22,,,0,185,,185,22,,,0
400,'4707',1636,,193,22,,,0,617,,192,26,,,0
400,'4890',1636,,194,22,,,0
400,'5009',723,,202,22,,,0,280,,197,22,,,0,120,,196,22,,,0,209,,199,22,,,0,210,,198,22,,,0,263,,200,22,,,0,121,,201,22,,,0,306,,195,22,,,0
400,'5010',723,,210,22,,,0,280,,205,22,,,0,120,,204,22,,,0,209,,207,22,,,0,210,,206,22,,,0,263,,208,22,,,0,121,,209,22,,,0,306,,203,22,,,0
400,'5106',612,,535,22,,,0,125,,536,22,,,0,275,,537,22,,,0,220,,538,22,,,0,115,,539,22,,,0,410,,534,22,,,0,180,,533,22,,,0
400,'5107',1636,,540,22,,,0
400,'5108',1636,,542,22,,,0,617,,541,26,,,0
400,'5109',722,,550,22,,,0,281,,545,22,,,0,122,,544,22,,,0,207,,547,22,,,0,206,,546,22,,,0,264,,548,22,,,0,126,,549,22,,,0,302,,543,22,,,0
400,'5110',722,,558,22,,,0,281,,553,22,,,0,121,,552,22,,,0,205,,555,22,,,0,214,,554,22,,,0,262,,556,22,,,0,123,,557,22,,,0,302,,551,22,,,0
