300,'4706',650,,132,11,4,,0,187,,133,11,4,,0,292,,134,11,4,,0,178,,135,11,4,,0,123,,129,11,4,,0,221,,131,11,4,,0,76,,138,11,4,,0,189,,130,11,4,,0
300,'4967',1727,,477,11,4,,0,423,,478,11,4,,0
300,'5010',625,,155,11,4,,0,179,,149,11,4,,0,124,,156,11,4,,0,131,,150,11,4,,0,186,,151,11,4,,0,258,,152,11,4,,0,205,,153,11,4,,0,137,,154,11,4,,0,277,,148,11,4,,0
300,'5106',650,,482,11,4,,0,179,,483,11,4,,0,300,,484,11,4,,0,178,,485,11,4,,0,123,,479,11,4,,0,221,,481,11,4,,0,265,,480,11,4,,0
300,'5107',1727,,486,11,4,,0
300,'5109',625,,494,11,4,,0,179,,488,11,4,,0,124,,495,11,4,,0,130,,489,11,4,,0,187,,490,11,4,,0,258,,491,11,4,,0,205,,492,11,4,,0,134,,493,11,4,,0,280,,487,11,4,,0
300,'5110',625,,503,11,4,,0,179,,497,11,4,,0,124,,504,11,4,,0,130,,498,11,4,,0,187,,499,11,4,,0,262,,500,11,4,,0,199,,501,11,4,,0,136,,502,11,4,,0,283,,496,11,4,,0
301,'4706',650,,162,1,0,9 10,0,187,,163,1,0,9 10,0,292,,157,1,0,9 10,0,178,,161,1,0,9 10,0,123,,160,1,0,9 10,0,221,,158,1,0,9 10,0,76,,166,1,0,9 10,0,189,,159,1,0,9 10,0
301,'4967',1727,,506,1,0,9 10,0,423,,505,1,0,9 10,0
301,'5010',625,,179,1,0,9 10,0,179,,183,1,0,9 10,0,124,,184,1,0,9 10,0,131,,177,1,0,9 10,0,186,,181,1,0,9 10,0,258,,178,1,0,9 10,0,205,,176,1,0,9 10,0,137,,182,1,0,9 10,0,277,,180,1,0,9 10,0
301,'5106',650,,512,1,0,9 10,0,179,,513,1,0,9 10,0,300,,507,1,0,9 10,0,178,,511,1,0,9 10,0,123,,510,1,0,9 10,0,221,,508,1,0,9 10,0,265,,509,1,0,9 10,0
301,'5107',1727,,514,1,0,9 10,0
301,'5109',625,,519,1,0,9 10,0,179,,522,1,0,9 10,0,124,,523,1,0,9 10,0,131,,516,1,0,9 10,0,186,,518,1,0,9 10,0,258,,517,1,0,9 10,0,205,,515,1,0,9 10,0,134,,521,1,0,9 10,0,280,,520,1,0,9 10,0
301,'5110',625,,527,1,0,9 10,0,179,,531,1,0,9 10,0,124,,532,1,0,9 10,0,130,,525,1,0,9 10,0,187,,529,1,0,9 10,0,262,,526,1,0,9 10,0,199,,524,1,0,9 10,0,136,,530,1,0,9 10,0,283,,528,1,0,9 10,0
