100,'4532',538,,1010,61,,,0,263,,1011,61,,,0,224,,1012,61,,,0,211,,1013,61,,,0,218,,1014,61,,,0,260,,1015,61,,,0,126,,1016,61,,,0,216,,1017,61,,,0,95,,1019,61,,,0,206,,1018,61,,,0
100,'5106',548,,718,61,,,0,81,,720,61,,,0,172,,717,61,,,0,100,,722,67,0,5 6 2,0,120,,719,61,,,0,105,,721,61,,,0,109,,360,67,0,5 6 2,0,106,,346,61,,,0,114,,723,67,0,5 6 2,0,155,,710,61,,,0,106,,347,67,0,5 6 2,0,118,,712,61,,,0,101,,713,61,,,0,166,,714,61,,,0,50,,711,61,,,0,153,,715,61,0,7 8,0,38,,716,61,,,0
100,'5224',548,,1030,61,,,0,81,,1032,61,,,0,172,,1029,61,,,0,100,,1034,67,0,5 6 2,0,120,,1031,61,,,0,105,,1033,61,,,0,109,,1035,67,0,5 6 2,0,106,,1021,61,,,0,114,,1036,67,0,5 6 2,0,155,,1020,61,,,0,106,,1022,67,0,5 6 2,0,113,,1024,61,,,0,106,,1025,61,,,0,166,,1026,61,,,0,50,,1023,61,,,0,153,,1027,61,0,7 8,0,38,,1028,61,,,0
100,'5228',539,,1037,61,,,0,264,,1038,61,,,0,223,,1039,61,,,0,210,,1040,61,,,0,220,,1041,61,,,0,260,,1042,61,,,0,115,,1043,61,,,0,225,,1044,61,,,0,95,,1046,61,,,0,206,,1045,61,,,0
9000,'4532',646,,1220,39,,,0,163,,1230,39,,,0,210,,1233,39,,,0,10,,1232,39,,,0,115,,1225,39,,,0,90,,1234,39,,,0,10,,1231,39,,,0,259,,1228,39,,,0,335,,1226,39,,,0,220,,1224,39,,,0
9000,'5106',614,,937,39,,,0,98,,922,39,,,0,29,,914,39,,,0,160,,936,39,,,0,30,,924,39,,,0,170,,926,39,,,0,30,,934,39,,,0,179,,939,39,,,0,22,,927,39,,,0,70,,935,39,,,0,130,,928,39,,,0,91,,933,39,,,0,32,,930,39,,,0,98,,918,39,,,0,185,,931,39,,,0,75,,920,39,,,0,145,,919,39,,,0
9000,'5224',614,,1260,39,,,0,98,,1245,39,,,0,28,,1237,39,,,0,161,,1259,39,,,0,26,,1247,39,,,0,174,,1249,39,,,0,41,,1257,39,,,0,168,,1262,39,,,0,92,,1258,39,,,0,221,,1256,39,,,0,32,,1252,39,,,0,98,,1241,39,,,0,185,,1253,39,,,0,75,,1243,39,,,0,145,,1242,39,,,0
9000,'5225',1332,,1264,39,,,0,200,,1265,39,,,0
9000,'5226',1332,,1267,39,,,0,200,,1268,39,,,0
9000,'5228',646,,1270,39,,,0,163,,1278,39,,,0,210,,1285,39,,,0,10,,1280,39,,,0,115,,1274,39,,,0,99,,1279,39,,,0,210,,1284,39,,,0,50,,1281,39,,,0,335,,1275,39,,,0,221,,1273,39,,,0
