9000,'4706',553,,211,46,,,0,105,,219,46,,,0,160,,221,46,,,0,27,,236,46,,,0,163,,223,46,,,0,30,,213,46,,,0,179,,214,46,,,0,296,,215,46,,,0,100,,227,46,,,0,120,,238,46,,,0,125,,239,46,,,0,255,,230,46,,,0
9000,'4707',1253,,241,46,,,0,190,,240,46,,,0
9000,'4890',1253,,243,46,,,0,190,,242,46,,,0
9000,'5009',918,,245,46,,,0,423,,333,46,,,0,268,,334,46,,,0,119,,251,46,,,0,220,,253,46,,,0
9000,'5010',918,,258,46,,,0,423,,336,46,,,0,268,,337,46,,,0,119,,264,46,,,0,220,,266,46,,,0
9000,'5106',553,,559,46,,,0,105,,567,46,,,0,160,,569,46,,,0,27,,584,46,,,0,163,,571,46,,,0,30,,561,46,,,0,179,,562,46,,,0,296,,563,46,,,0,100,,575,46,,,0,120,,586,46,,,0,120,,587,46,,,0,260,,578,46,,,0
9000,'5107',1253,,589,46,,,0,190,,588,46,,,0
9000,'5108',1253,,591,46,,,0,190,,590,46,,,0
9000,'5109',918,,593,46,,,0,425,,594,46,,,0,264,,595,46,,,0,116,,607,46,,,0,10,,599,46,,,0,215,,601,46,,,0
9000,'5110',918,,609,46,,,0,425,,610,46,,,0,265,,611,46,,,0,25,,624,46,,,0,90,,622,46,,,0,10,,615,46,,,0,215,,617,46,,,0
