301,'4706',654,,162,7,0,9 10,0,187,,163,7,0,9 10,0,293,,157,7,0,9 10,0,178,,161,7,0,9 10,0,123,,160,7,0,9 10,0,220,,158,7,0,9 10,0,265,,159,7,0,9 10,0
301,'4707',1731,,165,7,0,9 10,0,424,,164,7,0,9 10,0
301,'4890',1731,,166,7,0,9 10,0
301,'5009',629,,170,7,0,9 10,0,179,,174,7,0,9 10,0,124,,175,7,0,9 10,0,172,,168,7,0,9 10,0,146,,172,7,0,9 10,0,258,,169,7,0,9 10,0,204,,167,7,0,9 10,0,137,,173,7,0,9 10,0,277,,171,7,0,9 10,0
301,'5010',629,,179,7,0,9 10,0,179,,183,7,0,9 10,0,124,,184,7,0,9 10,0,172,,177,7,0,9 10,0,146,,181,7,0,9 10,0,258,,178,7,0,9 10,0,204,,176,7,0,9 10,0,137,,182,7,0,9 10,0,277,,180,7,0,9 10,0
301,'5106',654,,510,7,0,9 10,0,179,,511,7,0,9 10,0,301,,505,7,0,9 10,0,178,,509,7,0,9 10,0,123,,508,7,0,9 10,0,220,,506,7,0,9 10,0,265,,507,7,0,9 10,0
301,'5107',1731,,512,7,0,9 10,0
301,'5108',1731,,514,7,0,9 10,0,424,,513,7,0,9 10,0
301,'5109',629,,519,7,0,9 10,0,179,,522,7,0,9 10,0,124,,523,7,0,9 10,0,171,,516,7,0,9 10,0,146,,518,7,0,9 10,0,258,,517,7,0,9 10,0,205,,515,7,0,9 10,0,134,,521,7,0,9 10,0,280,,520,7,0,9 10,0
301,'5110',629,,527,7,0,9 10,0,179,,531,7,0,9 10,0,124,,532,7,0,9 10,0,170,,525,7,0,9 10,0,147,,529,7,0,9 10,0,262,,526,7,0,9 10,0,199,,524,7,0,9 10,0,136,,530,7,0,9 10,0,283,,528,7,0,9 10,0
