9000,'4706',535,,211,23,,,0,68,,235,23,,,0,35,,219,23,,,0,62,,220,23,,,0,28,,212,23,,,0,27,,221,23,,,0,66,,236,23,,,0,26,,234,23,,,0,71,,222,23,,,0,29,,223,23,,,0,70,,213,23,,,0,32,,224,23,,,0,70,,232,23,,,0,37,,214,23,,,0,100,,237,23,,,0,62,,225,23,,,0,30,,233,23,,,0,103,,215,23,,,0,66,,226,23,,,0,32,,227,23,,,0,67,,231,23,,,0,25,,228,23,,,0,69,,238,23,,,0,29,,216,23,,,0,97,,239,23,,,0,90,,229,23,,,0,75,,218,23,,,0,52,,230,23,,,0,94,,217,23,,,0
9000,'4707',1231,,241,23,,,0,190,,240,23,,,0
9000,'4890',1231,,243,23,,,0,190,,242,23,,,0
9000,'5009',634,,244,23,,,0,120,,254,23,,,0,100,,245,23,,,0,161,,256,23,,,0,95,,335,23,,,0,118,,255,23,,,0,91,,333,23,,,0,129,,252,23,,,0,97,,334,23,,,0,160,,251,23,,,0,109,,250,23,,,0,113,,253,23,,,0,119,,248,23,,,0
9000,'5010',634,,257,23,,,0,120,,267,23,,,0,100,,258,23,,,0,161,,269,23,,,0,95,,338,23,,,0,118,,268,23,,,0,91,,336,23,,,0,129,,265,23,,,0,97,,337,23,,,0,160,,264,23,,,0,109,,263,23,,,0,113,,266,23,,,0,119,,261,23,,,0
9000,'5106',535,,559,23,,,0,68,,583,23,,,0,35,,567,23,,,0,62,,568,23,,,0,28,,560,23,,,0,27,,569,23,,,0,66,,584,23,,,0,26,,582,23,,,0,71,,570,23,,,0,29,,571,23,,,0,70,,561,23,,,0,32,,572,23,,,0,70,,580,23,,,0,37,,562,23,,,0,100,,585,23,,,0,62,,573,23,,,0,30,,581,23,,,0,103,,563,23,,,0,66,,574,23,,,0,32,,575,23,,,0,60,,579,23,,,0,32,,576,23,,,0,69,,586,23,,,0,29,,564,23,,,0,92,,587,23,,,0,95,,577,23,,,0,75,,566,23,,,0,52,,578,23,,,0,94,,565,23,,,0
9000,'5107',1231,,589,23,,,0,190,,588,23,,,0
9000,'5108',1231,,591,23,,,0,190,,590,23,,,0
9000,'5109',635,,592,23,,,0,118,,602,23,,,0,103,,593,23,,,0,150,,605,23,,,0,10,,604,23,,,0,95,,597,23,,,0,110,,606,23,,,0,11,,603,23,,,0,88,,594,23,,,0,128,,600,23,,,0,96,,595,23,,,0,156,,607,23,,,0,10,,599,23,,,0,109,,598,23,,,0,108,,601,23,,,0,119,,596,23,,,0
9000,'5110',635,,608,23,,,0,118,,618,23,,,0,103,,609,23,,,0,150,,621,23,,,0,10,,620,23,,,0,95,,613,23,,,0,120,,619,23,,,0,89,,610,23,,,0,118,,616,23,,,0,10,,623,23,,,0,97,,611,23,,,0,65,,624,23,,,0,90,,622,23,,,0,10,,615,23,,,0,111,,614,23,,,0,106,,617,23,,,0,119,,612,23,,,0
