9000,'4706',546,,211,38,,,0,103,,219,38,,,0,159,,221,38,,,0,27,,236,38,,,0,124,,223,38,,,0,70,,213,38,,,0,179,,214,38,,,0,296,,215,38,,,0,99,,227,38,,,0,120,,238,38,,,0,126,,239,38,,,0,255,,230,38,,,0
9000,'4707',1244,,241,38,,,0,190,,240,38,,,0
9000,'4890',1244,,243,38,,,0,190,,242,38,,,0
9000,'5009',908,,245,38,,,0,424,,333,38,,,0,227,,334,38,,,0,159,,251,38,,,0,221,,253,38,,,0
9000,'5010',908,,258,38,,,0,424,,336,38,,,0,227,,337,38,,,0,159,,264,38,,,0,221,,266,38,,,0
9000,'5106',546,,559,38,,,0,103,,567,38,,,0,159,,569,38,,,0,27,,584,38,,,0,124,,571,38,,,0,70,,561,38,,,0,179,,562,38,,,0,296,,563,38,,,0,99,,575,38,,,0,120,,586,38,,,0,121,,587,38,,,0,260,,578,38,,,0
9000,'5107',1244,,589,38,,,0,190,,588,38,,,0
9000,'5108',1244,,591,38,,,0,190,,590,38,,,0
9000,'5109',909,,593,38,,,0,425,,594,38,,,0,224,,595,38,,,0,156,,607,38,,,0,10,,599,38,,,0,215,,601,38,,,0
9000,'5110',909,,609,38,,,0,425,,610,38,,,0,225,,611,38,,,0,65,,624,38,,,0,90,,622,38,,,0,10,,615,38,,,0,215,,617,38,,,0
