101,'4532',656,,1047,73,,,0,274,,1051,73,,,0,223,,1053,73,,,0,260,,1052,73,,,0,213,,1054,73,,,0,214,,1055,73,,,0,163,,1050,73,,,0,220,,1049,73,,,0,95,,1056,73,,,0,203,,1048,73,,,0
101,'5106',712,,751,73,,,0,39,,755,73,,,0,179,,752,73,,,0,114,,753,73,,,0,105,,754,73,,,0,103,,756,73,,,0,159,,398,73,,,0,113,,397,73,,,0,101,,743,73,,,0,117,,744,73,,,0,100,,384,73,,,0,160,,745,73,,,0,100,,746,73,,,0,120,,747,73,,,0,99,,748,73,,,0,28,,749,53,,,0,173,,750,73,,,0
101,'5224',712,,1066,73,,,0,39,,1070,73,,,0,179,,1067,73,,,0,119,,1068,73,,,0,100,,1069,73,,,0,159,,1071,73,,,0,103,,1073,73,,,0,108,,1072,73,,,0,106,,1057,73,,,0,112,,1058,73,,,0,100,,1059,73,,,0,165,,1060,73,,,0,100,,1061,73,,,0,120,,1062,73,,,0,99,,1063,73,,,0,28,,1064,53,,,0,173,,1065,73,,,0
101,'5228',656,,1074,73,,,0,272,,1078,73,,,0,223,,1080,73,,,0,257,,1079,73,,,0,215,,1081,73,,,0,214,,1082,73,,,0,164,,1077,73,,,0,220,,1076,73,,,0,95,,1083,73,,,0,203,,1075,73,,,0
9001,'4532',741,,1290,36,,,0,159,,1292,33,,,0,121,,1289,36,,,0,99,,1297,33,,,0,2,,1299,33,,,0,118,,1288,33,,,0,102,,1296,36,,,0,2,,1300,36,,,0,78,,1291,36,,,0,134,,1293,33,,,0,156,,1298,36,,,0,98,,1294,33,,,0,2,,1301,33,,,0,121,,1295,33,,,0,102,,1287,36,,,0,120,,1286,36,,,0
9001,'5106',627,,979,33,,,0,31,,986,36,,,0,75,,987,36,,,0,75,,988,36,,,0,29,,1004,33,,,0,64,,980,36,,,0,25,,989,36,,,0,23,,990,36,,,0,72,,991,36,,,0,27,,1001,33,,,0,71,,982,36,,,0,38,,992,33,,,0,72,,1002,36,,,0,76,,993,36,,,0,35,,1008,33,,,0,72,,999,36,,,0,15,,995,36,,,0,73,,1003,36,,,0,34,,1009,33,,,0,25,,981,36,,,0,67,,996,33,,,0,31,,994,36,,,0,58,,1006,33,,,0,34,,1000,33,,,0,67,,997,36,,,0,30,,1007,36,,,0,95,,985,36,,,0,93,,983,33,,,0,77,,1005,36,,,0,45,,998,36,,,0,100,,984,36,,,0
9001,'5224',627,,1302,33,,,0,31,,1310,36,,,0,75,,1311,36,,,0,75,,1312,36,,,0,28,,1326,33,,,0,70,,1303,36,,,0,20,,1313,36,,,0,23,,1314,36,,,0,75,,1315,36,,,0,24,,1323,33,,,0,71,,1306,36,,,0,29,,1316,33,,,0,91,,1324,36,,,0,66,,1317,36,,,0,35,,1305,33,,,0,72,,1321,36,,,0,41,,1325,36,,,0,81,,1319,33,,,0,25,,1304,36,,,0,98,,1318,36,,,0,53,,1328,33,,,0,42,,1322,33,,,0,94,,1329,36,,,0,90,,1309,36,,,0,98,,1307,33,,,0,77,,1327,36,,,0,45,,1320,36,,,0,100,,1308,36,,,0
9001,'5225',1427,,1330,36,,,0,194,,1331,33,,,0,190,,1332,36,,,0
9001,'5226',1427,,1333,36,,,0,194,,1334,33,,,0,190,,1335,36,,,0
9001,'5228',741,,1341,36,,,0,117,,1342,33,,,0,162,,1340,36,,,0,99,,1347,33,,,0,2,,1349,33,,,0,118,,1339,33,,,0,103,,1346,36,,,0,80,,1338,36,,,0,133,,1343,33,,,0,2,,1350,33,,,0,153,,1348,36,,,0,99,,1344,33,,,0,2,,1351,33,,,0,122,,1345,33,,,0,102,,1337,36,,,0,120,,1336,36,,,0
