400,'4706',619,,187,36,,,0,125,,188,36,,,0,275,,189,36,,,0,220,,190,36,,,0,115,,191,36,,,0,450,,186,36,,,0,145,,185,36,,,0
400,'4707',1643,,193,36,,,0,657,,192,40,,,0
400,'4890',1643,,194,36,,,0
400,'5009',730,,202,36,,,0,280,,197,36,,,0,120,,196,36,,,0,209,,199,36,,,0,210,,198,36,,,0,263,,200,36,,,0,121,,201,36,,,0,306,,195,36,,,0
400,'5010',730,,210,36,,,0,280,,205,36,,,0,120,,204,36,,,0,209,,207,36,,,0,210,,206,36,,,0,263,,208,36,,,0,121,,209,36,,,0,306,,203,36,,,0
400,'5106',619,,535,36,,,0,125,,536,36,,,0,275,,537,36,,,0,220,,538,36,,,0,115,,539,36,,,0,450,,534,36,,,0,140,,533,36,,,0
400,'5107',1643,,540,36,,,0
400,'5108',1643,,542,36,,,0,657,,541,40,,,0
400,'5109',729,,550,36,,,0,281,,545,36,,,0,122,,544,36,,,0,207,,547,36,,,0,206,,546,36,,,0,264,,548,36,,,0,126,,549,36,,,0,302,,543,36,,,0
400,'5110',729,,558,36,,,0,281,,553,36,,,0,121,,552,36,,,0,205,,555,36,,,0,214,,554,36,,,0,262,,556,36,,,0,123,,557,36,,,0,302,,551,36,,,0
