100,'4532',504,,1010,8,,,0,220,,1011,8,,,0,222,,1012,8,,,0,210,,1013,8,,,0,259,,1014,8,,,0,220,,1015,8,,,0,168,,1016,8,,,0,217,,1017,8,,,0,95,,1019,8,,,0,207,,1018,8,,,0
100,'5106',513,,718,8,,,0,41,,720,8,,,0,171,,717,8,,,0,94,,722,8,0,5 6 2,0,126,,719,8,,,0,105,,721,8,,,0,103,,360,8,0,5 6 2,0,151,,346,8,,,0,109,,723,8,0,5 6 2,0,120,,710,8,,,0,100,,347,8,0,5 6 2,0,122,,712,8,,,0,104,,713,8,,,0,166,,714,8,,,0,90,,711,8,,,0,113,,715,8,0,7 8,0,79,,716,8,,,0
100,'5224',513,,1030,8,,,0,41,,1032,8,,,0,171,,1029,8,,,0,94,,1034,8,0,5 6 2,0,126,,1031,8,,,0,105,,1033,8,,,0,103,,1035,8,0,5 6 2,0,151,,1021,8,,,0,109,,1036,8,0,5 6 2,0,120,,1020,8,,,0,100,,1022,8,0,5 6 2,0,117,,1024,8,,,0,109,,1025,8,,,0,166,,1026,8,,,0,90,,1023,8,,,0,113,,1027,8,0,7 8,0,79,,1028,8,,,0
100,'5228',504,,1037,8,,,0,223,,1038,8,,,0,221,,1039,8,,,0,210,,1040,8,,,0,260,,1041,8,,,0,220,,1042,8,,,0,117,,1043,8,,,0,265,,1044,8,,,0,95,,1046,8,,,0,206,,1045,8,,,0
9000,'4532',623,,1220,8,,,0,123,,1230,8,,,0,157,,1221,8,,,0,50,,1233,8,,,0,50,,1232,8,,,0,115,,1225,8,,,0,90,,1234,8,,,0,10,,1231,8,,,0,88,,1222,8,,,0,128,,1228,8,,,0,117,,1223,8,,,0,95,,1235,8,,,0,10,,1227,8,,,0,155,,1226,8,,,0,108,,1229,8,,,0,115,,1224,8,,,0
9000,'5106',523,,913,8,,,0,28,,937,8,,,0,75,,921,8,,,0,22,,922,8,,,0,68,,914,8,,,0,26,,923,8,,,0,66,,938,8,,,0,26,,936,8,,,0,71,,924,8,,,0,29,,925,8,,,0,70,,915,8,,,0,32,,926,8,,,0,70,,934,8,,,0,37,,916,8,,,0,75,,943,8,,,0,25,,939,8,,,0,62,,927,8,,,0,29,,935,8,,,0,73,,942,8,,,0,30,,917,8,,,0,66,,928,8,,,0,32,,929,8,,,0,20,,933,8,,,0,72,,930,8,,,0,29,,940,8,,,0,70,,918,8,,,0,92,,941,8,,,0,96,,931,8,,,0,35,,920,8,,,0,92,,932,8,,,0,95,,919,8,,,0
9000,'5224',523,,1236,8,,,0,28,,1260,8,,,0,75,,1244,8,,,0,22,,1245,8,,,0,67,,1237,8,,,0,27,,1246,8,,,0,66,,1261,8,,,0,26,,1259,8,,,0,67,,1247,8,,,0,33,,1248,8,,,0,70,,1238,8,,,0,32,,1249,8,,,0,81,,1257,8,,,0,26,,1239,8,,,0,75,,1255,8,,,0,25,,1262,8,,,0,91,,1258,8,,,0,73,,1250,8,,,0,30,,1240,8,,,0,98,,1251,8,,,0,20,,1256,8,,,0,72,,1252,8,,,0,99,,1241,8,,,0,92,,1263,8,,,0,96,,1253,8,,,0,35,,1243,8,,,0,92,,1254,8,,,0,95,,1242,8,,,0
9000,'5225',1305,,1264,8,,,0,198,,1265,8,,,0,143,,1266,8,,,0
9000,'5226',1305,,1267,8,,,0,198,,1268,8,,,0,143,,1269,8,,,0
9000,'5228',623,,1270,8,,,0,122,,1278,8,,,0,159,,1271,8,,,0,49,,1285,8,,,0,50,,1280,8,,,0,114,,1274,8,,,0,97,,1279,8,,,0,94,,1272,8,,,0,118,,1284,8,,,0,10,,1281,8,,,0,122,,1282,8,,,0,90,,1283,8,,,0,10,,1276,8,,,0,153,,1275,8,,,0,110,,1277,8,,,0,115,,1273,8,,,0
