9000,'4706',551,,211,44,,,0,105,,219,44,,,0,159,,221,44,,,0,27,,236,44,,,0,164,,223,44,,,0,30,,213,44,,,0,179,,214,44,,,0,296,,215,44,,,0,99,,227,44,,,0,120,,238,44,,,0,126,,239,44,,,0,255,,230,44,,,0
9000,'4707',1251,,241,44,,,0,190,,240,44,,,0
9000,'4890',1251,,243,44,,,0,190,,242,44,,,0
9000,'5009',915,,245,44,,,0,424,,333,44,,,0,267,,334,44,,,0,119,,251,44,,,0,221,,253,44,,,0
9000,'5010',915,,258,44,,,0,424,,336,44,,,0,267,,337,44,,,0,119,,264,44,,,0,221,,266,44,,,0
9000,'5106',551,,559,44,,,0,105,,567,44,,,0,159,,569,44,,,0,27,,584,44,,,0,164,,571,44,,,0,30,,561,44,,,0,179,,562,44,,,0,296,,563,44,,,0,99,,575,44,,,0,120,,586,44,,,0,121,,587,44,,,0,260,,578,44,,,0
9000,'5107',1251,,589,44,,,0,190,,588,44,,,0
9000,'5108',1251,,591,44,,,0,190,,590,44,,,0
9000,'5109',916,,593,44,,,0,425,,594,44,,,0,264,,595,44,,,0,116,,607,44,,,0,10,,599,44,,,0,215,,601,44,,,0
9000,'5110',916,,609,44,,,0,425,,610,44,,,0,265,,611,44,,,0,25,,624,44,,,0,90,,622,44,,,0,10,,615,44,,,0,215,,617,44,,,0
