300,'4706',646,,132,5,0,9 10,0,187,,133,5,0,9 10,0,291,,134,5,0,9 10,0,178,,135,5,0,9 10,0,123,,129,5,0,9 10,0,222,,131,5,0,9 10,0,265,,130,5,0,9 10,0
300,'4707',1723,,136,5,0,9 10,0,423,,137,5,0,9 10,0
300,'4890',1723,,138,5,0,9 10,0
300,'5009',621,,146,5,0,9 10,0,179,,140,5,0,9 10,0,124,,147,5,0,9 10,0,131,,141,5,0,9 10,0,185,,142,5,0,9 10,0,218,,143,5,0,9 10,0,246,,144,5,0,9 10,0,137,,145,5,0,9 10,0,277,,139,5,0,9 10,0
300,'5010',621,,155,5,0,9 10,0,179,,149,5,0,9 10,0,124,,156,5,0,9 10,0,131,,150,5,0,9 10,0,185,,151,5,0,9 10,0,218,,152,5,0,9 10,0,246,,153,5,0,9 10,0,137,,154,5,0,9 10,0,277,,148,5,0,9 10,0
300,'5106',646,,480,5,0,9 10,0,179,,481,5,0,9 10,0,299,,482,5,0,9 10,0,178,,483,5,0,9 10,0,123,,477,5,0,9 10,0,222,,479,5,0,9 10,0,265,,478,5,0,9 10,0
300,'5107',1723,,484,5,0,9 10,0
300,'5108',1723,,485,5,0,9 10,0,423,,486,5,0,9 10,0
300,'5109',621,,494,5,0,9 10,0,179,,488,5,0,9 10,0,124,,495,5,0,9 10,0,130,,489,5,0,9 10,0,186,,490,5,0,9 10,0,219,,491,5,0,9 10,0,245,,492,5,0,9 10,0,134,,493,5,0,9 10,0,280,,487,5,0,9 10,0
300,'5110',621,,503,5,0,9 10,0,179,,497,5,0,9 10,0,124,,504,5,0,9 10,0,130,,498,5,0,9 10,0,186,,499,5,0,9 10,0,263,,500,5,0,9 10,0,199,,501,5,0,9 10,0,136,,502,5,0,9 10,0,283,,496,5,0,9 10,0
