100,'4706',558,,11,78,,,0,81,,13,78,,,0,174,,10,78,,,0,100,,15,84,0,5 6 2,0,125,,12,78,,,0,100,,14,78,,,0,110,,16,84,0,5 6 2,0,105,,2,78,,,0,155,,17,84,0,5 6 2,0,94,,1,78,,,0,126,,3,84,0,5 6 2,0,123,,5,78,,,0,100,,6,78,,,0,161,,7,78,,,0,95,,4,78,,,0,146,,9,78,,,0
100,'5009',548,,18,78,,,0,265,,19,78,,,0,221,,20,78,,,0,211,,21,78,,,0,257,,22,78,,,0,225,,23,78,,,0,124,,24,78,,,0,256,,25,78,,,0,300,,26,78,,,0
100,'5010',548,,27,78,,,0,265,,28,78,,,0,221,,29,78,,,0,211,,30,78,,,0,257,,31,78,,,0,225,,32,78,,,0,124,,33,78,,,0,256,,34,78,,,0,300,,35,78,,,0
100,'5106',558,,355,78,,,0,81,,357,78,,,0,174,,354,78,,,0,100,,359,84,0,5 6 2,0,120,,356,78,,,0,105,,358,78,,,0,110,,360,84,0,5 6 2,0,105,,346,78,,,0,155,,361,84,0,5 6 2,0,114,,345,78,,,0,106,,347,84,0,5 6 2,0,118,,349,78,,,0,100,,350,78,,,0,166,,351,78,,,0,90,,348,78,,,0,151,,353,78,,,0
100,'5109',549,,362,78,,,0,264,,363,78,,,0,223,,364,78,,,0,211,,365,78,,,0,257,,366,78,,,0,224,,367,78,,,0,123,,368,78,,,0,255,,369,78,,,0,95,,371,78,,,0,205,,370,78,,,0
100,'5110',549,,372,78,,,0,264,,373,78,,,0,223,,374,78,,,0,211,,375,78,,,0,257,,376,78,,,0,224,,377,78,,,0,118,,378,78,,,0,260,,379,78,,,0,95,,381,78,,,0,205,,380,78,,,0
9000,'4706',618,,235,44,,,0,98,,220,44,,,0,29,,212,44,,,0,160,,234,44,,,0,30,,222,44,,,0,170,,224,44,,,0,30,,232,44,,,0,179,,237,44,,,0,22,,225,44,,,0,70,,233,44,,,0,130,,226,44,,,0,98,,231,44,,,0,25,,228,44,,,0,98,,216,44,,,0,185,,229,44,,,0,75,,218,44,,,0,185,,217,44,,,0
9000,'5009',649,,244,44,,,0,162,,254,44,,,0,220,,256,44,,,0,95,,335,44,,,0,120,,255,44,,,0,260,,252,44,,,0,326,,250,44,,,0,270,,248,44,,,0
9000,'5010',649,,257,44,,,0,162,,267,44,,,0,220,,269,44,,,0,95,,338,44,,,0,120,,268,44,,,0,260,,265,44,,,0,326,,263,44,,,0,270,,261,44,,,0
9000,'5106',618,,583,44,,,0,98,,568,44,,,0,29,,560,44,,,0,160,,582,44,,,0,30,,570,44,,,0,170,,572,44,,,0,30,,580,44,,,0,179,,585,44,,,0,22,,573,44,,,0,70,,581,44,,,0,130,,574,44,,,0,91,,579,44,,,0,32,,576,44,,,0,98,,564,44,,,0,185,,577,44,,,0,75,,566,44,,,0,185,,565,44,,,0
9000,'5109',650,,592,44,,,0,158,,602,44,,,0,215,,605,44,,,0,10,,604,44,,,0,95,,597,44,,,0,110,,606,44,,,0,11,,603,44,,,0,258,,600,44,,,0,330,,598,44,,,0,265,,596,44,,,0
9000,'5110',650,,608,44,,,0,158,,618,44,,,0,215,,621,44,,,0,10,,620,44,,,0,95,,613,44,,,0,120,,619,44,,,0,209,,616,44,,,0,50,,623,44,,,0,332,,614,44,,,0,263,,612,44,,,0
