201,'4706',502,,78,4,,,0,9,,85,4,,,0,31,,81,20,,,0,71,,86,4,,,0,97,,84,20,,,0,30,,76,20,,,0,81,,77,20,,,0,98,,75,20,,,0,207,,79,20,,,0,80,,80,20,,,0,43,,87,20,,,0,105,,82,20,,,0,103,,83,20,,,0,76,,74,20,,,0,198,,73,20,,,0,118,,71,20,,,0,180,,72,20,,,0
201,'4707',1801,,91,20,,,0,419,,89,20,,,0,117,,90,20,,,0
201,'4890',1801,,92,20,,,0
201,'5009',451,,107,4,,,0,156,,103,20,,,0,2,,94,4,,,0,46,,106,20,,,0,168,,95,20,,,0,89,,97,20,,,0,118,,329,20,,,0,103,,110,20,,,0,94,,98,20,,,0,95,,99,20,,,0,124,,108,20,,,0,72,,330,20,,,0,121,,101,20,,,0,108,,109,20,,,0,101,,104,20,,,0,164,,105,20,,,0,92,,102,20,,,0,47,,93,20,,,0
201,'5010',451,,125,4,,,0,156,,121,20,,,0,2,,112,4,,,0,46,,124,20,,,0,168,,113,20,,,0,89,,115,20,,,0,118,,331,20,,,0,103,,128,20,,,0,94,,116,20,,,0,95,,117,20,,,0,124,,126,20,,,0,72,,332,20,,,0,121,,119,20,,,0,108,,127,20,,,0,101,,122,20,,,0,164,,123,20,,,0,92,,120,20,,,0,47,,111,20,,,0
201,'5106',502,,426,4,,,0,9,,433,4,,,0,31,,429,20,,,0,71,,434,4,,,0,97,,432,20,,,0,30,,424,20,,,0,73,,425,20,,,0,106,,423,20,,,0,207,,427,20,,,0,80,,428,20,,,0,43,,435,20,,,0,105,,430,20,,,0,98,,431,20,,,0,76,,422,20,,,0,201,,421,20,,,0,115,,420,20,,,0,180,,419,20,,,0
201,'5107',1801,,437,20,,,0
201,'5108',1801,,440,20,,,0,419,,438,20,,,0,117,,439,20,,,0
201,'5109',451,,455,4,,,0,157,,451,20,,,0,1,,442,4,,,0,47,,454,20,,,0,168,,443,20,,,0,89,,445,20,,,0,133,,444,20,,,0,86,,458,20,,,0,94,,446,20,,,0,96,,447,20,,,0,123,,456,20,,,0,68,,448,20,,,0,125,,449,20,,,0,107,,457,20,,,0,103,,452,20,,,0,172,,453,20,,,0,35,,450,20,,,0,96,,441,20,,,0
201,'5110',451,,473,4,,,0,157,,469,20,,,0,1,,460,4,,,0,47,,472,20,,,0,169,,461,20,,,0,92,,463,20,,,0,129,,462,20,,,0,83,,476,20,,,0,97,,464,20,,,0,103,,465,20,,,0,116,,474,20,,,0,71,,466,20,,,0,120,,467,20,,,0,113,,475,20,,,0,99,,470,20,,,0,173,,471,20,,,0,35,,468,20,,,0,98,,459,20,,,0
400,'4706',637,,187,55,,,0,165,,188,55,,,0,235,,189,55,,,0,220,,190,55,,,0,155,,191,55,,,0,410,,186,55,,,0,185,,185,55,,,0
400,'4707',1659,,193,55,,,0,659,,192,59,,,0
400,'4890',1659,,194,55,,,0
400,'5009',749,,202,55,,,0,281,,197,55,,,0,120,,196,55,,,0,209,,199,55,,,0,250,,198,55,,,0,222,,200,55,,,0,122,,201,55,,,0,305,,195,55,,,0
400,'5010',749,,210,55,,,0,281,,205,55,,,0,120,,204,55,,,0,209,,207,55,,,0,250,,206,55,,,0,222,,208,55,,,0,122,,209,55,,,0,305,,203,55,,,0
400,'5106',637,,535,55,,,0,165,,536,55,,,0,235,,537,55,,,0,220,,538,55,,,0,155,,539,55,,,0,410,,534,55,,,0,180,,533,55,,,0
400,'5107',1659,,540,55,,,0
400,'5108',1659,,542,55,,,0,659,,541,59,,,0
400,'5109',747,,550,55,,,0,284,,545,55,,,0,122,,544,55,,,0,248,,547,55,,,0,204,,546,55,,,0,224,,548,55,,,0,125,,549,55,,,0,301,,543,55,,,0
400,'5110',747,,558,55,,,0,284,,553,55,,,0,120,,552,55,,,0,207,,555,55,,,0,252,,554,55,,,0,222,,556,55,,,0,122,,557,55,,,0,301,,551,55,,,0
