400,'4706',608,,187,18,,,0,125,,188,18,,,0,275,,189,18,,,0,220,,190,18,,,0,115,,191,18,,,0,410,,186,18,,,0,185,,185,18,,,0
400,'4707',1632,,193,18,,,0,617,,192,22,,,0
400,'4890',1632,,194,18,,,0
400,'5009',719,,202,18,,,0,240,,197,18,,,0,160,,196,18,,,0,209,,199,18,,,0,210,,198,18,,,0,263,,200,18,,,0,121,,201,18,,,0,306,,195,18,,,0
400,'5010',719,,210,18,,,0,240,,205,18,,,0,160,,204,18,,,0,209,,207,18,,,0,210,,206,18,,,0,263,,208,18,,,0,121,,209,18,,,0,306,,203,18,,,0
400,'5106',608,,535,18,,,0,125,,536,18,,,0,275,,537,18,,,0,220,,538,18,,,0,115,,539,18,,,0,410,,534,18,,,0,180,,533,18,,,0
400,'5107',1632,,540,18,,,0
400,'5108',1632,,542,18,,,0,617,,541,22,,,0
400,'5109',718,,550,18,,,0,241,,545,18,,,0,162,,544,18,,,0,207,,547,18,,,0,206,,546,18,,,0,224,,548,18,,,0,166,,549,18,,,0,302,,543,18,,,0
400,'5110',718,,558,18,,,0,282,,553,18,,,0,120,,552,18,,,0,205,,555,18,,,0,214,,554,18,,,0,262,,556,18,,,0,123,,557,18,,,0,302,,551,18,,,0
