100,'4822',557,,691,89,4,,0,264,,692,89,4,,0,224,,693,89,4,,0,210,,694,89,4,,0,258,,695,89,4,,0,224,,696,89,4,,0,118,,697,89,4,,0,260,,698,89,4,,0,95,,700,89,4,,0,204,,699,89,4,,0
100,'4826',557,,701,89,4,,0,264,,702,89,4,,0,224,,703,89,4,,0,210,,704,89,4,,0,258,,705,89,4,,0,224,,706,89,4,,0,163,,707,89,4,,0,215,,708,89,4,,0,95,,371,89,4,,0,204,,709,89,4,,0
100,'5106',1255,,360,95,4,,0,145,,346,89,4,,0,335,,347,95,4,,0
100,'5315',605,,355,89,4,,0,41,,357,89,4,,0,174,,354,89,4,,0,100,,359,95,4,,0,120,,356,89,4,,0,105,,358,89,4,,0,370,,361,95,4,,0,115,,345,89,4,,0,225,,349,89,4,,0,100,,350,89,4,,0,165,,351,89,4,,0,90,,348,89,4,,0,191,,353,89,4,,0
100,'5316',605,,718,89,4,,0,41,,720,89,4,,0,174,,717,89,4,,0,100,,722,95,4,,0,120,,719,89,4,,0,105,,721,89,4,,0,370,,723,95,4,,0,115,,710,89,4,,0,225,,712,89,4,,0,100,,713,89,4,,0,165,,714,89,4,,0,90,,711,89,4,,0,191,,716,89,4,,0
101,'4822',605,,724,1,,,0,230,,728,1,,,0,220,,730,1,,,0,260,,729,1,,,0,215,,731,1,,,0,220,,732,1,,,0,165,,727,1,,,0,215,,726,1,,,0,95,,733,1,,,0,205,,725,1,,,0
101,'4826',605,,734,1,,,0,230,,738,1,,,0,220,,740,1,,,0,260,,739,1,,,0,215,,741,1,,,0,220,,742,1,,,0,165,,737,1,,,0,215,,736,1,,,0,95,,408,1,,,0,205,,735,1,,,0
101,'5106',1315,,398,1,,,0,115,,397,1,,,0,320,,384,1,,,0
101,'5315',620,,391,1,,,0,81,,395,1,,,0,134,,392,1,,,0,115,,393,1,,,0,105,,394,1,,,0,104,,396,1,,,0,371,,382,1,,,0,120,,383,1,,,0,260,,385,1,,,0,100,,386,1,,,0,120,,387,1,,,0,100,,388,1,,,0,201,,390,1,,,0
101,'5316',620,,751,1,,,0,81,,755,1,,,0,134,,752,1,,,0,115,,753,1,,,0,105,,754,1,,,0,104,,756,1,,,0,371,,743,1,,,0,120,,744,1,,,0,260,,745,1,,,0,100,,746,1,,,0,120,,747,1,,,0,100,,748,1,,,0,201,,750,1,,,0
9000,'4822',657,,878,55,4,,0,158,,888,55,4,,0,105,,879,48,4,,0,110,,891,55,4,,0,10,,890,55,4,,0,95,,883,55,4,,0,120,,889,55,4,,0,90,,880,48,4,,0,160,,886,55,4,,0,10,,893,55,4,,0,95,,881,48,4,,0,25,,894,48,4,,0,90,,892,48,4,,0,10,,885,48,4,,0,112,,884,55,4,,0,103,,887,48,4,,0,160,,882,55,4,,0
9000,'4826',657,,895,55,4,,0,158,,905,55,4,,0,105,,896,48,4,,0,110,,908,55,4,,0,10,,907,55,4,,0,95,,900,55,4,,0,110,,909,55,4,,0,11,,906,55,4,,0,89,,897,48,4,,0,170,,903,55,4,,0,94,,898,48,4,,0,116,,910,48,4,,0,10,,902,48,4,,0,110,,901,55,4,,0,105,,904,48,4,,0,160,,899,55,4,,0
9000,'4967',1255,,912,48,4,,0,190,,911,48,4,,0
9000,'5315',555,,561,48,4,,0,70,,585,55,4,,0,75,,569,48,4,,0,23,,570,55,4,,0,29,,562,55,4,,0,68,,571,48,4,,0,27,,586,48,4,,0,67,,584,55,4,,0,30,,572,55,4,,0,66,,573,48,4,,0,30,,563,48,4,,0,74,,574,55,4,,0,30,,582,55,4,,0,75,,564,48,4,,0,36,,591,48,4,,0,68,,587,55,4,,0,22,,575,55,4,,0,70,,583,55,4,,0,30,,590,48,4,,0,70,,565,48,4,,0,30,,576,55,4,,0,70,,577,48,4,,0,20,,581,55,4,,0,72,,578,55,4,,0,28,,588,48,4,,0,70,,566,55,4,,0,50,,589,48,4,,0,95,,579,55,4,,0,75,,568,55,4,,0,90,,580,48,4,,0,95,,567,55,4,,0
9000,'5316',555,,913,48,4,,0,70,,937,55,4,,0,75,,921,48,4,,0,23,,922,55,4,,0,29,,914,55,4,,0,68,,923,48,4,,0,27,,938,48,4,,0,67,,936,55,4,,0,30,,924,55,4,,0,66,,925,48,4,,0,30,,915,48,4,,0,74,,926,55,4,,0,30,,934,55,4,,0,75,,916,48,4,,0,104,,939,55,4,,0,22,,927,55,4,,0,70,,935,55,4,,0,100,,917,48,4,,0,30,,928,55,4,,0,70,,929,48,4,,0,20,,933,55,4,,0,72,,930,55,4,,0,28,,940,48,4,,0,70,,918,55,4,,0,50,,941,48,4,,0,95,,931,55,4,,0,75,,920,55,4,,0,90,,932,48,4,,0,95,,919,55,4,,0
9000,'5317',1255,,943,48,4,,0,190,,942,48,4,,0
9001,'4822',712,,949,1,,,0,118,,951,1,,,0,100,,948,1,,,0,120,,956,1,,,0,2,,957,1,,,0,98,,947,1,,,0,160,,955,1,,,0,90,,946,1,,,0,125,,952,1,,,0,5,,959,1,,,0,85,,950,1,,,0,30,,960,1,,,0,100,,953,1,,,0,2,,958,1,,,0,163,,954,1,,,0,95,,945,1,,,0,120,,944,1,,,0
9001,'4826',712,,966,1,,,0,118,,968,1,,,0,100,,965,1,,,0,120,,973,1,,,0,2,,974,1,,,0,98,,964,1,,,0,160,,972,1,,,0,2,,975,1,,,0,88,,963,1,,,0,125,,969,1,,,0,90,,967,1,,,0,130,,970,1,,,0,2,,976,1,,,0,163,,971,1,,,0,95,,962,1,,,0,120,,961,1,,,0
9001,'4967',1310,,977,1,,,0,190,,978,1,,,0
9001,'5315',600,,627,1,,,0,30,,634,1,,,0,75,,635,1,,,0,33,,636,1,,,0,69,,652,1,,,0,23,,628,1,,,0,25,,637,1,,,0,64,,638,1,,,0,33,,639,1,,,0,68,,649,1,,,0,30,,630,1,,,0,79,,640,1,,,0,71,,650,1,,,0,35,,641,1,,,0,75,,656,1,,,0,30,,647,1,,,0,15,,643,1,,,0,72,,651,1,,,0,73,,657,1,,,0,25,,629,1,,,0,30,,644,1,,,0,70,,642,1,,,0,20,,654,1,,,0,74,,648,1,,,0,26,,645,1,,,0,70,,655,1,,,0,95,,633,1,,,0,95,,631,1,,,0,35,,653,1,,,0,85,,646,1,,,0,100,,632,1,,,0
9001,'5316',600,,979,1,,,0,30,,986,1,,,0,75,,987,1,,,0,33,,988,1,,,0,69,,1004,1,,,0,23,,980,1,,,0,25,,989,1,,,0,64,,990,1,,,0,33,,991,1,,,0,68,,1001,1,,,0,30,,982,1,,,0,79,,992,1,,,0,71,,1002,1,,,0,35,,993,1,,,0,105,,999,1,,,0,15,,995,1,,,0,72,,1003,1,,,0,98,,981,1,,,0,30,,996,1,,,0,70,,994,1,,,0,20,,1006,1,,,0,74,,1000,1,,,0,26,,997,1,,,0,70,,1007,1,,,0,95,,985,1,,,0,95,,983,1,,,0,35,,1005,1,,,0,85,,998,1,,,0,100,,984,1,,,0
9001,'5317',1310,,1008,1,,,0,190,,1009,1,,,0
