101,'4706',719,,45,84,,,0,84,,49,90,,,0,134,,46,84,,,0,114,,47,84,,,0,151,,48,84,,,0,103,,50,90,,,0,114,,52,84,,,0,117,,51,90,,,0,97,,36,84,,,0,96,,37,90,,,0,120,,38,84,,,0,165,,39,84,,,0,100,,40,84,,,0,114,,41,84,,,0,99,,42,84,,,0,28,,43,64,,,0,173,,44,84,,,0
101,'5009',704,,53,84,,,0,233,,57,84,,,0,221,,59,84,,,0,261,,58,84,,,0,214,,60,84,,,0,216,,61,84,,,0,165,,56,84,,,0,214,,55,84,,,0,299,,54,84,,,0
101,'5010',704,,62,84,,,0,233,,66,84,,,0,221,,68,84,,,0,261,,67,84,,,0,214,,69,84,,,0,216,,70,84,,,0,165,,65,84,,,0,214,,64,84,,,0,299,,63,84,,,0
101,'5106',719,,391,84,,,0,84,,395,90,,,0,134,,392,84,,,0,114,,393,84,,,0,106,,394,84,,,0,148,,396,90,,,0,114,,398,84,,,0,117,,397,90,,,0,97,,382,84,,,0,121,,383,90,,,0,95,,384,84,,,0,160,,385,84,,,0,100,,386,84,,,0,119,,387,84,,,0,99,,388,84,,,0,28,,389,64,,,0,173,,390,84,,,0
101,'5109',703,,399,84,,,0,234,,403,84,,,0,263,,405,84,,,0,220,,404,84,,,0,213,,406,84,,,0,219,,407,84,,,0,163,,402,84,,,0,215,,401,84,,,0,95,,408,84,,,0,202,,400,84,,,0
101,'5110',703,,409,84,,,0,234,,413,84,,,0,263,,415,84,,,0,220,,414,84,,,0,213,,416,84,,,0,219,,417,84,,,0,163,,412,84,,,0,215,,411,84,,,0,95,,418,84,,,0,202,,410,84,,,0
9001,'4706',633,,270,44,,,0,71,,277,47,,,0,37,,278,47,,,0,76,,279,47,,,0,29,,295,44,,,0,62,,271,47,,,0,25,,280,47,,,0,22,,281,47,,,0,72,,282,47,,,0,27,,292,44,,,0,71,,273,47,,,0,80,,283,44,,,0,32,,293,47,,,0,77,,284,47,,,0,107,,290,47,,,0,15,,286,47,,,0,72,,294,47,,,0,100,,272,47,,,0,26,,287,44,,,0,71,,285,47,,,0,27,,297,44,,,0,24,,291,44,,,0,67,,288,47,,,0,30,,298,47,,,0,92,,276,47,,,0,95,,274,44,,,0,78,,296,47,,,0,85,,289,47,,,0,100,,275,47,,,0
9001,'4707',1349,,299,44,,,0,194,,300,44,,,0
9001,'4890',1349,,301,44,,,0,194,,302,44,,,0
9001,'5009',749,,308,47,,,0,157,,310,44,,,0,100,,307,47,,,0,118,,315,44,,,0,100,,340,44,,,0,127,,314,47,,,0,88,,339,47,,,0,168,,311,44,,,0,48,,341,47,,,0,167,,312,44,,,0,124,,313,44,,,0,97,,304,47,,,0,160,,303,47,,,0
9001,'5010',749,,321,47,,,0,157,,323,44,,,0,100,,320,47,,,0,118,,328,44,,,0,100,,343,44,,,0,127,,327,47,,,0,88,,342,47,,,0,168,,324,44,,,0,48,,344,47,,,0,167,,325,44,,,0,124,,326,44,,,0,97,,317,47,,,0,160,,316,47,,,0
9001,'5106',633,,625,44,,,0,71,,632,47,,,0,37,,633,47,,,0,76,,634,47,,,0,29,,650,44,,,0,62,,626,47,,,0,25,,635,47,,,0,22,,636,47,,,0,72,,637,47,,,0,27,,647,44,,,0,71,,628,47,,,0,80,,638,44,,,0,32,,648,47,,,0,77,,639,47,,,0,107,,645,47,,,0,15,,641,47,,,0,72,,649,47,,,0,100,,627,47,,,0,26,,642,44,,,0,71,,640,47,,,0,17,,652,44,,,0,34,,646,44,,,0,67,,643,47,,,0,30,,653,47,,,0,95,,631,47,,,0,92,,629,44,,,0,78,,651,47,,,0,85,,644,47,,,0,100,,630,47,,,0
9001,'5107',1349,,654,44,,,0,194,,655,44,,,0
9001,'5108',1349,,656,44,,,0,194,,657,44,,,0
9001,'5109',748,,663,47,,,0,159,,665,44,,,0,102,,662,47,,,0,119,,670,44,,,0,2,,671,44,,,0,98,,661,44,,,0,123,,669,47,,,0,2,,672,47,,,0,88,,660,47,,,0,164,,666,44,,,0,50,,664,47,,,0,167,,667,44,,,0,2,,673,44,,,0,121,,668,44,,,0,97,,659,47,,,0,160,,658,47,,,0
9001,'5110',748,,679,47,,,0,159,,681,44,,,0,102,,678,47,,,0,119,,686,44,,,0,2,,687,44,,,0,98,,677,44,,,0,123,,685,47,,,0,90,,676,47,,,0,164,,682,44,,,0,4,,689,44,,,0,46,,680,47,,,0,69,,690,47,,,0,98,,683,44,,,0,2,,688,44,,,0,121,,684,44,,,0,97,,675,47,,,0,160,,674,47,,,0
