101,'4532',624,,1047,30,,,0,233,,1051,30,,,0,262,,1053,30,,,0,220,,1052,30,,,0,213,,1054,30,,,0,255,,1055,30,,,0,124,,1050,30,,,0,220,,1049,30,,,0,95,,1056,30,,,0,204,,1048,30,,,0
101,'5106',639,,751,30,,,0,81,,755,30,,,0,137,,752,30,,,0,154,,753,30,,,0,105,,754,30,,,0,104,,756,30,,,0,117,,398,30,,,0,114,,397,30,,,0,100,,743,30,,,0,159,,744,30,,,0,100,,384,30,,,0,120,,745,30,,,0,100,,746,30,,,0,120,,747,30,,,0,99,,748,30,,,0,68,,749,10,,,0,133,,750,30,,,0
101,'5224',639,,1066,30,,,0,81,,1070,30,,,0,137,,1067,30,,,0,159,,1068,30,,,0,100,,1069,30,,,0,120,,1071,30,,,0,101,,1073,30,,,0,109,,1072,30,,,0,105,,1057,30,,,0,154,,1058,30,,,0,100,,1059,30,,,0,125,,1060,30,,,0,100,,1061,30,,,0,120,,1062,30,,,0,99,,1063,30,,,0,68,,1064,10,,,0,133,,1065,30,,,0
101,'5228',624,,1074,30,,,0,232,,1078,30,,,0,263,,1080,30,,,0,218,,1079,30,,,0,215,,1081,30,,,0,254,,1082,30,,,0,124,,1077,30,,,0,220,,1076,30,,,0,95,,1083,30,,,0,204,,1075,30,,,0
9001,'4532',722,,1290,13,,,0,278,,1289,13,,,0,320,,1296,13,,,0,2,,1300,13,,,0,78,,1291,13,,,0,250,,1298,13,,,0,365,,1287,13,,,0,120,,1286,13,,,0
9001,'5106',639,,986,13,,,0,75,,987,13,,,0,33,,988,13,,,0,93,,980,13,,,0,65,,989,13,,,0,24,,990,13,,,0,73,,991,13,,,0,98,,982,13,,,0,110,,1002,13,,,0,35,,993,13,,,0,105,,999,13,,,0,55,,995,13,,,0,32,,1003,13,,,0,99,,981,13,,,0,99,,994,13,,,0,120,,997,13,,,0,70,,1007,13,,,0,95,,985,13,,,0,130,,1005,13,,,0,85,,998,13,,,0,100,,984,13,,,0
9001,'5224',639,,1310,13,,,0,75,,1311,13,,,0,33,,1312,13,,,0,98,,1303,13,,,0,60,,1313,13,,,0,24,,1314,13,,,0,76,,1315,13,,,0,95,,1306,13,,,0,120,,1324,13,,,0,25,,1317,13,,,0,105,,1321,13,,,0,80,,1325,13,,,0,106,,1304,13,,,0,99,,1318,13,,,0,190,,1329,13,,,0,90,,1309,13,,,0,135,,1327,13,,,0,85,,1320,13,,,0,100,,1308,13,,,0
9001,'5225',1405,,1330,13,,,0,345,,1332,13,,,0
9001,'5226',1405,,1333,13,,,0,345,,1335,13,,,0
9001,'5228',722,,1341,13,,,0,278,,1340,13,,,0,320,,1346,13,,,0,80,,1338,13,,,0,250,,1348,13,,,0,365,,1337,13,,,0,120,,1336,13,,,0
