100,'4822',527,,691,45,,,0,223,,692,45,,,0,262,,693,45,,,0,211,,694,45,,,0,217,,695,45,,,0,264,,696,45,,,0,119,,697,45,,,0,222,,698,45,,,0,95,,700,45,,,0,205,,699,45,,,0
100,'4826',527,,701,45,,,0,223,,702,45,,,0,262,,703,45,,,0,211,,704,45,,,0,217,,705,45,,,0,264,,706,45,,,0,124,,707,45,,,0,217,,708,45,,,0,95,,371,45,,,0,205,,709,45,,,0
100,'5106',1222,,360,51,0,5 6 2,0,107,,346,45,,,0,374,,347,51,0,5 6 2,0
100,'5315',536,,355,45,,,0,81,,357,45,,,0,132,,354,45,,,0,99,,359,51,0,5 6 2,0,161,,356,45,,,0,105,,358,45,,,0,328,,361,51,0,5 6 2,0,116,,345,45,,,0,264,,349,45,,,0,101,,350,45,,,0,126,,351,45,,,0,90,,348,45,,,0,113,,352,45,0,7 8,0,78,,353,45,,,0
100,'5316',536,,718,45,,,0,81,,720,45,,,0,132,,717,45,,,0,99,,722,51,0,5 6 2,0,161,,719,45,,,0,105,,721,45,,,0,328,,723,51,0,5 6 2,0,116,,710,45,,,0,264,,712,45,,,0,101,,713,45,,,0,126,,714,45,,,0,90,,711,45,,,0,113,,715,45,0,7 8,0,78,,716,45,,,0
9000,'4822',640,,878,31,,,0,118,,888,31,,,0,144,,879,31,,,0,110,,891,31,,,0,10,,890,31,,,0,95,,883,31,,,0,120,,889,31,,,0,89,,880,31,,,0,118,,886,31,,,0,10,,893,31,,,0,97,,881,31,,,0,65,,894,31,,,0,90,,892,31,,,0,10,,885,31,,,0,111,,884,31,,,0,105,,887,31,,,0,119,,882,31,,,0
9000,'4826',640,,895,31,,,0,118,,905,31,,,0,144,,896,31,,,0,110,,908,31,,,0,10,,907,31,,,0,95,,900,31,,,0,110,,909,31,,,0,11,,906,31,,,0,88,,897,31,,,0,128,,903,31,,,0,96,,898,31,,,0,156,,910,31,,,0,10,,902,31,,,0,109,,901,31,,,0,107,,904,31,,,0,119,,899,31,,,0
9000,'4967',1237,,912,31,,,0,190,,911,31,,,0
9000,'5315',540,,561,31,,,0,68,,585,31,,,0,35,,569,31,,,0,62,,570,31,,,0,29,,562,31,,,0,67,,571,31,,,0,26,,586,31,,,0,26,,584,31,,,0,71,,572,31,,,0,28,,573,31,,,0,70,,563,31,,,0,32,,574,31,,,0,70,,582,31,,,0,77,,564,31,,,0,36,,591,31,,,0,65,,587,31,,,0,22,,575,31,,,0,30,,583,31,,,0,73,,590,31,,,0,30,,565,31,,,0,66,,576,31,,,0,32,,577,31,,,0,60,,581,31,,,0,32,,578,31,,,0,69,,588,31,,,0,29,,566,31,,,0,92,,589,31,,,0,94,,579,31,,,0,75,,568,31,,,0,52,,580,31,,,0,94,,567,31,,,0
9000,'5316',540,,913,31,,,0,68,,937,31,,,0,35,,921,31,,,0,62,,922,31,,,0,29,,914,31,,,0,67,,923,31,,,0,26,,938,31,,,0,26,,936,31,,,0,71,,924,31,,,0,28,,925,31,,,0,70,,915,31,,,0,32,,926,31,,,0,70,,934,31,,,0,77,,916,31,,,0,101,,939,31,,,0,22,,927,31,,,0,30,,935,31,,,0,103,,917,31,,,0,66,,928,31,,,0,32,,929,31,,,0,60,,933,31,,,0,32,,930,31,,,0,69,,940,31,,,0,29,,918,31,,,0,92,,941,31,,,0,94,,931,31,,,0,75,,920,31,,,0,52,,932,31,,,0,94,,919,31,,,0
9000,'5317',1237,,943,31,,,0,190,,942,31,,,0
