300,'4706',649,,132,9,0,9 10,0,187,,133,9,0,9 10,0,292,,134,9,0,9 10,0,178,,135,9,0,9 10,0,123,,129,9,0,9 10,0,221,,131,9,0,9 10,0,265,,130,9,0,9 10,0
300,'4707',1726,,136,9,0,9 10,0,423,,137,9,0,9 10,0
300,'4890',1726,,138,9,0,9 10,0
300,'5009',624,,146,9,0,9 10,0,179,,140,9,0,9 10,0,124,,147,9,0,9 10,0,131,,141,9,0,9 10,0,186,,142,9,0,9 10,0,258,,143,9,0,9 10,0,205,,144,9,0,9 10,0,137,,145,9,0,9 10,0,277,,139,9,0,9 10,0
300,'5010',624,,155,9,0,9 10,0,179,,149,9,0,9 10,0,124,,156,9,0,9 10,0,131,,150,9,0,9 10,0,186,,151,9,0,9 10,0,258,,152,9,0,9 10,0,205,,153,9,0,9 10,0,137,,154,9,0,9 10,0,277,,148,9,0,9 10,0
300,'5106',649,,480,9,0,9 10,0,179,,481,9,0,9 10,0,300,,482,9,0,9 10,0,178,,483,9,0,9 10,0,123,,477,9,0,9 10,0,221,,479,9,0,9 10,0,265,,478,9,0,9 10,0
300,'5107',1726,,484,9,0,9 10,0
300,'5108',1726,,485,9,0,9 10,0,423,,486,9,0,9 10,0
300,'5109',624,,494,9,0,9 10,0,179,,488,9,0,9 10,0,124,,495,9,0,9 10,0,130,,489,9,0,9 10,0,187,,490,9,0,9 10,0,258,,491,9,0,9 10,0,205,,492,9,0,9 10,0,134,,493,9,0,9 10,0,280,,487,9,0,9 10,0
300,'5110',624,,503,9,0,9 10,0,179,,497,9,0,9 10,0,124,,504,9,0,9 10,0,130,,498,9,0,9 10,0,187,,499,9,0,9 10,0,262,,500,9,0,9 10,0,199,,501,9,0,9 10,0,136,,502,9,0,9 10,0,283,,496,9,0,9 10,0
