101,'4706',641,,45,32,,,0,81,,49,32,,,0,137,,46,32,,,0,154,,47,32,,,0,110,,48,32,,,0,99,,50,32,,,0,117,,52,32,,,0,114,,51,32,,,0,100,,36,32,,,0,94,,37,32,,,0,165,,38,32,,,0,125,,39,32,,,0,100,,40,32,,,0,115,,41,32,,,0,99,,42,32,,,0,68,,43,12,,,0,133,,44,32,,,0
101,'5009',626,,53,32,,,0,233,,57,32,,,0,260,,59,32,,,0,220,,58,32,,,0,214,,60,32,,,0,259,,61,32,,,0,125,,56,32,,,0,215,,55,32,,,0,299,,54,32,,,0
101,'5010',626,,62,32,,,0,233,,66,32,,,0,260,,68,32,,,0,220,,67,32,,,0,214,,69,32,,,0,259,,70,32,,,0,125,,65,32,,,0,215,,64,32,,,0,299,,63,32,,,0
101,'5106',641,,391,32,,,0,81,,395,32,,,0,137,,392,32,,,0,154,,393,32,,,0,105,,394,32,,,0,104,,396,32,,,0,117,,398,32,,,0,114,,397,32,,,0,100,,382,32,,,0,159,,383,32,,,0,100,,384,32,,,0,120,,385,32,,,0,100,,386,32,,,0,120,,387,32,,,0,99,,388,32,,,0,68,,389,12,,,0,133,,390,32,,,0
101,'5109',626,,399,32,,,0,233,,403,32,,,0,262,,405,32,,,0,220,,404,32,,,0,213,,406,32,,,0,260,,407,32,,,0,124,,402,32,,,0,215,,401,32,,,0,95,,408,32,,,0,204,,400,32,,,0
101,'5110',626,,409,32,,,0,233,,413,32,,,0,262,,415,32,,,0,220,,414,32,,,0,213,,416,32,,,0,260,,417,32,,,0,124,,412,32,,,0,215,,411,32,,,0,95,,418,32,,,0,204,,410,32,,,0
9001,'4706',610,,270,12,,,0,31,,277,15,,,0,75,,278,15,,,0,33,,279,15,,,0,69,,295,12,,,0,24,,271,15,,,0,65,,280,15,,,0,24,,281,15,,,0,73,,282,15,,,0,27,,292,12,,,0,71,,273,15,,,0,38,,283,12,,,0,72,,293,15,,,0,35,,284,15,,,0,106,,290,15,,,0,55,,286,15,,,0,32,,294,15,,,0,99,,272,15,,,0,67,,287,12,,,0,31,,285,15,,,0,69,,297,12,,,0,24,,291,12,,,0,27,,288,15,,,0,70,,298,15,,,0,92,,276,15,,,0,96,,274,12,,,0,37,,296,15,,,0,85,,289,15,,,0,100,,275,15,,,0
9001,'4707',1321,,299,12,,,0,192,,300,12,,,0
9001,'4890',1321,,301,12,,,0,192,,302,12,,,0
9001,'5009',723,,308,15,,,0,117,,310,12,,,0,102,,307,15,,,0,159,,315,12,,,0,58,,340,12,,,0,164,,314,15,,,0,88,,339,15,,,0,127,,311,12,,,0,89,,341,15,,,0,129,,312,12,,,0,164,,313,12,,,0,97,,304,15,,,0,120,,303,15,,,0
9001,'5010',723,,321,15,,,0,117,,323,12,,,0,102,,320,15,,,0,159,,328,12,,,0,58,,343,12,,,0,164,,327,15,,,0,88,,342,15,,,0,127,,324,12,,,0,89,,344,15,,,0,129,,325,12,,,0,164,,326,12,,,0,97,,317,15,,,0,120,,316,15,,,0
9001,'5106',610,,625,12,,,0,31,,632,15,,,0,75,,633,15,,,0,33,,634,15,,,0,69,,650,12,,,0,24,,626,15,,,0,65,,635,15,,,0,24,,636,15,,,0,73,,637,15,,,0,27,,647,12,,,0,71,,628,15,,,0,38,,638,12,,,0,72,,648,15,,,0,35,,639,15,,,0,106,,645,15,,,0,55,,641,15,,,0,32,,649,15,,,0,99,,627,15,,,0,67,,642,12,,,0,31,,640,15,,,0,19,,652,12,,,0,74,,646,12,,,0,27,,643,15,,,0,70,,653,15,,,0,95,,631,15,,,0,93,,629,12,,,0,37,,651,15,,,0,85,,644,15,,,0,100,,630,15,,,0
9001,'5107',1321,,654,12,,,0,192,,655,12,,,0
9001,'5108',1321,,656,12,,,0,192,,657,12,,,0
9001,'5109',724,,663,15,,,0,117,,665,12,,,0,101,,662,15,,,0,159,,670,12,,,0,2,,671,12,,,0,98,,661,12,,,0,122,,669,15,,,0,2,,672,15,,,0,88,,660,15,,,0,124,,666,12,,,0,91,,664,15,,,0,128,,667,12,,,0,2,,673,12,,,0,162,,668,12,,,0,97,,659,15,,,0,120,,658,15,,,0
9001,'5110',724,,679,15,,,0,117,,681,12,,,0,101,,678,15,,,0,159,,686,12,,,0,2,,687,12,,,0,98,,677,12,,,0,122,,685,15,,,0,90,,676,15,,,0,124,,682,12,,,0,5,,689,12,,,0,86,,680,15,,,0,30,,690,15,,,0,98,,683,12,,,0,2,,688,12,,,0,162,,684,12,,,0,97,,675,15,,,0,120,,674,15,,,0
