9001,'4706',618,,270,23,,,0,31,,277,26,,,0,75,,278,26,,,0,35,,279,26,,,0,69,,295,23,,,0,24,,271,26,,,0,65,,280,26,,,0,23,,281,26,,,0,73,,282,26,,,0,27,,292,23,,,0,71,,273,26,,,0,38,,283,23,,,0,72,,293,26,,,0,35,,284,26,,,0,147,,290,26,,,0,15,,286,26,,,0,32,,294,26,,,0,99,,272,26,,,0,67,,287,23,,,0,31,,285,26,,,0,69,,297,23,,,0,24,,291,23,,,0,67,,288,26,,,0,30,,298,26,,,0,92,,276,26,,,0,96,,274,23,,,0,77,,296,26,,,0,45,,289,26,,,0,100,,275,26,,,0
9001,'4707',1331,,299,23,,,0,193,,300,23,,,0
9001,'4890',1331,,301,23,,,0,193,,302,23,,,0
9001,'5009',732,,308,26,,,0,118,,310,23,,,0,101,,307,26,,,0,159,,315,23,,,0,98,,340,23,,,0,125,,314,26,,,0,88,,339,26,,,0,127,,311,23,,,0,89,,341,26,,,0,169,,312,23,,,0,124,,313,23,,,0,97,,304,26,,,0,120,,303,26,,,0
9001,'5010',732,,321,26,,,0,118,,323,23,,,0,101,,320,26,,,0,159,,328,23,,,0,98,,343,23,,,0,125,,327,26,,,0,88,,342,26,,,0,127,,324,23,,,0,89,,344,26,,,0,169,,325,23,,,0,124,,326,23,,,0,97,,317,26,,,0,120,,316,26,,,0
9001,'5106',618,,625,23,,,0,31,,632,26,,,0,75,,633,26,,,0,35,,634,26,,,0,69,,650,23,,,0,24,,626,26,,,0,65,,635,26,,,0,23,,636,26,,,0,73,,637,26,,,0,27,,647,23,,,0,71,,628,26,,,0,38,,638,23,,,0,72,,648,26,,,0,35,,639,26,,,0,147,,645,26,,,0,15,,641,26,,,0,32,,649,26,,,0,99,,627,26,,,0,67,,642,23,,,0,31,,640,26,,,0,59,,652,23,,,0,34,,646,23,,,0,67,,643,26,,,0,30,,653,26,,,0,95,,631,26,,,0,93,,629,23,,,0,77,,651,26,,,0,45,,644,26,,,0,100,,630,26,,,0
9001,'5107',1331,,654,23,,,0,193,,655,23,,,0
9001,'5108',1331,,656,23,,,0,193,,657,23,,,0
9001,'5109',732,,663,26,,,0,119,,665,23,,,0,101,,662,26,,,0,159,,670,23,,,0,2,,671,23,,,0,98,,661,23,,,0,122,,669,26,,,0,2,,672,26,,,0,88,,660,26,,,0,124,,666,23,,,0,91,,664,26,,,0,168,,667,23,,,0,2,,673,23,,,0,121,,668,23,,,0,97,,659,26,,,0,120,,658,26,,,0
9001,'5110',732,,679,26,,,0,119,,681,23,,,0,101,,678,26,,,0,159,,686,23,,,0,2,,687,23,,,0,98,,677,23,,,0,122,,685,26,,,0,90,,676,26,,,0,124,,682,23,,,0,5,,689,23,,,0,86,,680,26,,,0,70,,690,26,,,0,98,,683,23,,,0,2,,688,23,,,0,121,,684,23,,,0,97,,675,26,,,0,120,,674,26,,,0
