100,'4706',558,,11,79,,,0,81,,13,79,,,0,174,,10,79,,,0,100,,15,85,0,5 6 2,0,125,,12,79,,,0,100,,14,79,,,0,110,,16,85,0,5 6 2,0,105,,2,79,,,0,155,,17,85,0,5 6 2,0,94,,1,79,,,0,126,,3,85,0,5 6 2,0,123,,5,79,,,0,100,,6,79,,,0,161,,7,79,,,0,95,,4,79,,,0,146,,9,79,,,0
100,'5009',548,,18,79,,,0,265,,19,79,,,0,221,,20,79,,,0,211,,21,79,,,0,257,,22,79,,,0,225,,23,79,,,0,124,,24,79,,,0,256,,25,79,,,0,300,,26,79,,,0
100,'5010',548,,27,79,,,0,265,,28,79,,,0,221,,29,79,,,0,211,,30,79,,,0,257,,31,79,,,0,225,,32,79,,,0,124,,33,79,,,0,256,,34,79,,,0,300,,35,79,,,0
100,'5106',558,,355,79,,,0,81,,357,79,,,0,174,,354,79,,,0,100,,359,85,0,5 6 2,0,120,,356,79,,,0,105,,358,79,,,0,110,,360,85,0,5 6 2,0,105,,346,79,,,0,155,,361,85,0,5 6 2,0,114,,345,79,,,0,106,,347,85,0,5 6 2,0,118,,349,79,,,0,100,,350,79,,,0,166,,351,79,,,0,90,,348,79,,,0,151,,353,79,,,0
100,'5109',549,,362,79,,,0,264,,363,79,,,0,223,,364,79,,,0,211,,365,79,,,0,257,,366,79,,,0,224,,367,79,,,0,123,,368,79,,,0,255,,369,79,,,0,95,,371,79,,,0,205,,370,79,,,0
100,'5110',549,,372,79,,,0,264,,373,79,,,0,223,,374,79,,,0,211,,375,79,,,0,257,,376,79,,,0,224,,377,79,,,0,118,,378,79,,,0,260,,379,79,,,0,95,,381,79,,,0,205,,380,79,,,0
9000,'4706',618,,235,45,,,0,98,,220,45,,,0,29,,212,45,,,0,160,,234,45,,,0,30,,222,45,,,0,170,,224,45,,,0,30,,232,45,,,0,179,,237,45,,,0,22,,225,45,,,0,70,,233,45,,,0,130,,226,45,,,0,98,,231,45,,,0,25,,228,45,,,0,98,,216,45,,,0,185,,229,45,,,0,75,,218,45,,,0,185,,217,45,,,0
9000,'5009',649,,244,45,,,0,162,,254,45,,,0,220,,256,45,,,0,95,,335,45,,,0,120,,255,45,,,0,260,,252,45,,,0,326,,250,45,,,0,270,,248,45,,,0
9000,'5010',649,,257,45,,,0,162,,267,45,,,0,220,,269,45,,,0,95,,338,45,,,0,120,,268,45,,,0,260,,265,45,,,0,326,,263,45,,,0,270,,261,45,,,0
9000,'5106',618,,583,45,,,0,98,,568,45,,,0,29,,560,45,,,0,160,,582,45,,,0,30,,570,45,,,0,170,,572,45,,,0,30,,580,45,,,0,179,,585,45,,,0,22,,573,45,,,0,70,,581,45,,,0,130,,574,45,,,0,91,,579,45,,,0,32,,576,45,,,0,98,,564,45,,,0,185,,577,45,,,0,75,,566,45,,,0,185,,565,45,,,0
9000,'5109',650,,592,45,,,0,158,,602,45,,,0,215,,605,45,,,0,10,,604,45,,,0,95,,597,45,,,0,110,,606,45,,,0,11,,603,45,,,0,258,,600,45,,,0,330,,598,45,,,0,265,,596,45,,,0
9000,'5110',650,,608,45,,,0,158,,618,45,,,0,215,,621,45,,,0,10,,620,45,,,0,95,,613,45,,,0,120,,619,45,,,0,209,,616,45,,,0,50,,623,45,,,0,332,,614,45,,,0,263,,612,45,,,0
