101,'4532',651,,1047,68,,,0,274,,1051,68,,,0,223,,1053,68,,,0,260,,1052,68,,,0,213,,1054,68,,,0,215,,1055,68,,,0,123,,1050,68,,,0,260,,1049,68,,,0,95,,1056,68,,,0,203,,1048,68,,,0
101,'5106',707,,751,68,,,0,40,,755,68,,,0,178,,752,68,,,0,114,,753,68,,,0,105,,754,68,,,0,104,,756,68,,,0,158,,398,68,,,0,114,,397,68,,,0,100,,743,68,,,0,118,,744,68,,,0,100,,384,68,,,0,120,,745,68,,,0,100,,746,68,,,0,160,,747,68,,,0,99,,748,68,,,0,28,,749,48,,,0,173,,750,68,,,0
101,'5224',707,,1066,68,,,0,40,,1070,68,,,0,178,,1067,68,,,0,119,,1068,68,,,0,100,,1069,68,,,0,160,,1071,68,,,0,102,,1073,68,,,0,109,,1072,68,,,0,105,,1057,68,,,0,113,,1058,68,,,0,100,,1059,68,,,0,125,,1060,68,,,0,100,,1061,68,,,0,160,,1062,68,,,0,99,,1063,68,,,0,28,,1064,48,,,0,173,,1065,68,,,0
101,'5228',651,,1074,68,,,0,272,,1078,68,,,0,223,,1080,68,,,0,258,,1079,68,,,0,215,,1081,68,,,0,214,,1082,68,,,0,124,,1077,68,,,0,260,,1076,68,,,0,95,,1083,68,,,0,203,,1075,68,,,0
9001,'4532',737,,1290,31,,,0,119,,1292,28,,,0,161,,1289,31,,,0,99,,1297,28,,,0,2,,1299,28,,,0,118,,1288,28,,,0,102,,1296,31,,,0,2,,1300,31,,,0,78,,1291,31,,,0,134,,1293,28,,,0,156,,1298,31,,,0,98,,1294,28,,,0,2,,1301,28,,,0,121,,1295,28,,,0,102,,1287,31,,,0,120,,1286,31,,,0
9001,'5106',623,,979,28,,,0,31,,986,31,,,0,75,,987,31,,,0,75,,988,31,,,0,29,,1004,28,,,0,24,,980,31,,,0,65,,989,31,,,0,23,,990,31,,,0,72,,991,31,,,0,27,,1001,28,,,0,71,,982,31,,,0,38,,992,28,,,0,72,,1002,31,,,0,76,,993,31,,,0,35,,1008,28,,,0,72,,999,31,,,0,15,,995,31,,,0,33,,1003,31,,,0,74,,1009,28,,,0,25,,981,31,,,0,67,,996,28,,,0,31,,994,31,,,0,58,,1006,28,,,0,34,,1000,28,,,0,67,,997,31,,,0,30,,1007,31,,,0,95,,985,31,,,0,93,,983,28,,,0,77,,1005,31,,,0,45,,998,31,,,0,100,,984,31,,,0
9001,'5224',623,,1302,28,,,0,31,,1310,31,,,0,75,,1311,31,,,0,75,,1312,31,,,0,28,,1326,28,,,0,70,,1303,31,,,0,20,,1313,31,,,0,23,,1314,31,,,0,75,,1315,31,,,0,24,,1323,28,,,0,71,,1306,31,,,0,29,,1316,28,,,0,91,,1324,31,,,0,66,,1317,31,,,0,35,,1305,28,,,0,72,,1321,31,,,0,41,,1325,31,,,0,81,,1319,28,,,0,25,,1304,31,,,0,98,,1318,31,,,0,53,,1328,28,,,0,42,,1322,28,,,0,94,,1329,31,,,0,90,,1309,31,,,0,98,,1307,28,,,0,77,,1327,31,,,0,45,,1320,31,,,0,100,,1308,31,,,0
9001,'5225',1423,,1330,31,,,0,194,,1331,28,,,0,190,,1332,31,,,0
9001,'5226',1423,,1333,31,,,0,194,,1334,28,,,0,190,,1335,31,,,0
9001,'5228',737,,1341,31,,,0,117,,1342,28,,,0,162,,1340,31,,,0,99,,1347,28,,,0,2,,1349,28,,,0,118,,1339,28,,,0,103,,1346,31,,,0,80,,1338,31,,,0,133,,1343,28,,,0,2,,1350,28,,,0,153,,1348,31,,,0,99,,1344,28,,,0,2,,1351,28,,,0,122,,1345,28,,,0,102,,1337,31,,,0,120,,1336,31,,,0
