400,'4706',617,,187,33,,,0,125,,188,33,,,0,275,,189,33,,,0,220,,190,33,,,0,115,,191,33,,,0,450,,186,33,,,0,145,,185,33,,,0
400,'4707',1641,,193,33,,,0,617,,192,37,,,0
400,'4890',1641,,194,33,,,0
400,'5009',728,,202,33,,,0,280,,197,33,,,0,120,,196,33,,,0,209,,199,33,,,0,210,,198,33,,,0,263,,200,33,,,0,121,,201,33,,,0,306,,195,33,,,0
400,'5010',728,,210,33,,,0,280,,205,33,,,0,120,,204,33,,,0,209,,207,33,,,0,210,,206,33,,,0,263,,208,33,,,0,121,,209,33,,,0,306,,203,33,,,0
400,'5106',617,,535,33,,,0,125,,536,33,,,0,275,,537,33,,,0,220,,538,33,,,0,115,,539,33,,,0,450,,534,33,,,0,140,,533,33,,,0
400,'5107',1641,,540,33,,,0
400,'5108',1641,,542,33,,,0,617,,541,37,,,0
400,'5109',727,,550,33,,,0,281,,545,33,,,0,122,,544,33,,,0,207,,547,33,,,0,206,,546,33,,,0,264,,548,33,,,0,126,,549,33,,,0,302,,543,33,,,0
400,'5110',727,,558,33,,,0,281,,553,33,,,0,121,,552,33,,,0,205,,555,33,,,0,214,,554,33,,,0,262,,556,33,,,0,123,,557,33,,,0,302,,551,33,,,0
