100,'4532',503,,1010,7,,,0,221,,1011,7,,,0,222,,1012,7,,,0,210,,1013,7,,,0,259,,1014,7,,,0,220,,1015,7,,,0,168,,1016,7,,,0,217,,1017,7,,,0,95,,1019,7,,,0,207,,1018,7,,,0
100,'5106',513,,718,7,,,0,41,,720,7,,,0,170,,717,7,,,0,95,,722,7,0,5 6 2,0,125,,719,7,,,0,105,,721,7,,,0,104,,360,7,0,5 6 2,0,151,,346,7,,,0,108,,723,7,0,5 6 2,0,121,,710,7,,,0,99,,347,7,0,5 6 2,0,123,,712,7,,,0,103,,713,7,,,0,166,,714,7,,,0,90,,711,7,,,0,113,,715,7,0,7 8,0,79,,716,7,,,0
100,'5224',513,,1030,7,,,0,41,,1032,7,,,0,170,,1029,7,,,0,95,,1034,7,0,5 6 2,0,125,,1031,7,,,0,105,,1033,7,,,0,104,,1035,7,0,5 6 2,0,151,,1021,7,,,0,108,,1036,7,0,5 6 2,0,121,,1020,7,,,0,99,,1022,7,0,5 6 2,0,118,,1024,7,,,0,108,,1025,7,,,0,166,,1026,7,,,0,90,,1023,7,,,0,113,,1027,7,0,7 8,0,79,,1028,7,,,0
100,'5228',503,,1037,7,,,0,224,,1038,7,,,0,221,,1039,7,,,0,210,,1040,7,,,0,260,,1041,7,,,0,220,,1042,7,,,0,117,,1043,7,,,0,265,,1044,7,,,0,95,,1046,7,,,0,206,,1045,7,,,0
9000,'4532',622,,1220,7,,,0,123,,1230,7,,,0,158,,1221,7,,,0,50,,1233,7,,,0,50,,1232,7,,,0,115,,1225,7,,,0,90,,1234,7,,,0,10,,1231,7,,,0,88,,1222,7,,,0,128,,1228,7,,,0,117,,1223,7,,,0,95,,1235,7,,,0,10,,1227,7,,,0,155,,1226,7,,,0,108,,1229,7,,,0,114,,1224,7,,,0
9000,'5106',523,,913,7,,,0,28,,937,7,,,0,75,,921,7,,,0,22,,922,7,,,0,67,,914,7,,,0,27,,923,7,,,0,66,,938,7,,,0,26,,936,7,,,0,71,,924,7,,,0,29,,925,7,,,0,70,,915,7,,,0,32,,926,7,,,0,70,,934,7,,,0,37,,916,7,,,0,75,,943,7,,,0,25,,939,7,,,0,62,,927,7,,,0,29,,935,7,,,0,73,,942,7,,,0,30,,917,7,,,0,66,,928,7,,,0,32,,929,7,,,0,20,,933,7,,,0,72,,930,7,,,0,29,,940,7,,,0,70,,918,7,,,0,92,,941,7,,,0,95,,931,7,,,0,35,,920,7,,,0,92,,932,7,,,0,95,,919,7,,,0
9000,'5224',523,,1236,7,,,0,28,,1260,7,,,0,75,,1244,7,,,0,22,,1245,7,,,0,66,,1237,7,,,0,28,,1246,7,,,0,66,,1261,7,,,0,26,,1259,7,,,0,67,,1247,7,,,0,33,,1248,7,,,0,70,,1238,7,,,0,32,,1249,7,,,0,81,,1257,7,,,0,26,,1239,7,,,0,75,,1255,7,,,0,25,,1262,7,,,0,91,,1258,7,,,0,73,,1250,7,,,0,30,,1240,7,,,0,98,,1251,7,,,0,20,,1256,7,,,0,72,,1252,7,,,0,99,,1241,7,,,0,92,,1263,7,,,0,95,,1253,7,,,0,35,,1243,7,,,0,92,,1254,7,,,0,95,,1242,7,,,0
9000,'5225',1305,,1264,7,,,0,198,,1265,7,,,0,143,,1266,7,,,0
9000,'5226',1305,,1267,7,,,0,198,,1268,7,,,0,143,,1269,7,,,0
9000,'5228',622,,1270,7,,,0,122,,1278,7,,,0,160,,1271,7,,,0,49,,1285,7,,,0,50,,1280,7,,,0,114,,1274,7,,,0,97,,1279,7,,,0,94,,1272,7,,,0,118,,1284,7,,,0,10,,1281,7,,,0,122,,1282,7,,,0,90,,1283,7,,,0,10,,1276,7,,,0,153,,1275,7,,,0,110,,1277,7,,,0,114,,1273,7,,,0
