201,'4822',454,,771,7,,,0,158,,767,23,,,0,1,,758,7,,,0,46,,770,23,,,0,169,,759,23,,,0,92,,761,23,,,0,130,,760,23,,,0,83,,774,23,,,0,97,,762,23,,,0,103,,763,23,,,0,116,,772,23,,,0,71,,764,23,,,0,120,,765,23,,,0,113,,773,23,,,0,98,,768,23,,,0,173,,769,23,,,0,35,,766,23,,,0,98,,757,23,,,0
201,'4826',454,,786,7,,,0,158,,783,23,,,0,1,,776,7,,,0,46,,785,23,,,0,168,,777,23,,,0,89,,779,23,,,0,134,,778,23,,,0,86,,789,23,,,0,94,,780,23,,,0,96,,781,23,,,0,123,,787,23,,,0,68,,782,23,,,0,125,,449,23,,,0,107,,788,23,,,0,102,,784,23,,,0,172,,453,23,,,0,35,,450,23,,,0,96,,775,23,,,0
201,'4967',1805,,792,23,,,0,419,,790,23,,,0,115,,791,23,,,0
201,'5106',506,,800,7,,,0,9,,805,7,,,0,31,,802,23,,,0,71,,806,7,,,0,97,,804,23,,,0,30,,798,23,,,0,73,,799,23,,,0,106,,797,23,,,0,207,,430,23,,,0,79,,801,23,,,0,43,,438,23,,,0,105,,803,23,,,0,98,,434,23,,,0,76,,796,23,,,0,202,,795,23,,,0,115,,794,23,,,0,180,,793,23,,,0
201,'5317',1805,,808,23,,,0
400,'4822',749,,864,58,,,0,284,,859,58,,,0,120,,858,58,,,0,247,,861,58,,,0,212,,860,58,,,0,222,,862,58,,,0,121,,863,58,,,0,301,,857,58,,,0
400,'4826',749,,870,58,,,0,284,,867,58,,,0,122,,866,58,,,0,248,,869,58,,,0,204,,868,58,,,0,224,,548,58,,,0,124,,549,58,,,0,301,,865,58,,,0
400,'4967',1701,,872,58,,,0,618,,871,62,,,0
400,'5106',638,,537,58,,,0,165,,538,58,,,0,235,,539,58,,,0,220,,875,58,,,0,155,,876,58,,,0,410,,874,58,,,0,180,,873,58,,,0
400,'5317',1701,,877,58,,,0
