9000,'4706',551,,211,43,,,0,104,,219,43,,,0,159,,221,43,,,0,27,,236,43,,,0,164,,223,43,,,0,30,,213,43,,,0,179,,214,43,,,0,296,,215,43,,,0,99,,227,43,,,0,120,,238,43,,,0,126,,239,43,,,0,255,,230,43,,,0
9000,'4707',1250,,241,43,,,0,190,,240,43,,,0
9000,'4890',1250,,243,43,,,0,190,,242,43,,,0
9000,'5009',914,,245,43,,,0,424,,333,43,,,0,267,,334,43,,,0,119,,251,43,,,0,221,,253,43,,,0
9000,'5010',914,,258,43,,,0,424,,336,43,,,0,267,,337,43,,,0,119,,264,43,,,0,221,,266,43,,,0
9000,'5106',551,,559,43,,,0,104,,567,43,,,0,159,,569,43,,,0,27,,584,43,,,0,164,,571,43,,,0,30,,561,43,,,0,179,,562,43,,,0,296,,563,43,,,0,99,,575,43,,,0,120,,586,43,,,0,121,,587,43,,,0,260,,578,43,,,0
9000,'5107',1250,,589,43,,,0,190,,588,43,,,0
9000,'5108',1250,,591,43,,,0,190,,590,43,,,0
9000,'5109',915,,593,43,,,0,425,,594,43,,,0,264,,595,43,,,0,116,,607,43,,,0,10,,599,43,,,0,215,,601,43,,,0
9000,'5110',915,,609,43,,,0,425,,610,43,,,0,265,,611,43,,,0,25,,624,43,,,0,90,,622,43,,,0,10,,615,43,,,0,215,,617,43,,,0
