9001,'4706',602,,270,3,,,0,208,,295,3,,,0,213,,292,3,,,0,109,,283,3,,,0,426,,287,3,,,0,100,,297,3,,,0,64,,291,3,,,0,285,,274,3,,,0
9001,'4707',1313,,299,3,,,0,190,,300,3,,,0
9001,'4890',1313,,301,3,,,0,190,,302,3,,,0
9001,'5009',832,,310,3,,,0,221,,315,3,,,0,98,,340,3,,,0,377,,311,3,,,0,220,,312,3,,,0,164,,313,3,,,0
9001,'5010',832,,323,3,,,0,221,,328,3,,,0,98,,343,3,,,0,377,,324,3,,,0,220,,325,3,,,0,164,,326,3,,,0
9001,'5106',602,,625,3,,,0,208,,650,3,,,0,213,,647,3,,,0,109,,638,3,,,0,426,,642,3,,,0,90,,652,3,,,0,74,,646,3,,,0,285,,629,3,,,0
9001,'5107',1313,,654,3,,,0,190,,655,3,,,0
9001,'5108',1313,,656,3,,,0,190,,657,3,,,0
9001,'5109',833,,665,3,,,0,220,,670,3,,,0,2,,671,3,,,0,98,,661,3,,,0,375,,666,3,,,0,220,,667,3,,,0,2,,673,3,,,0,162,,668,3,,,0
9001,'5110',833,,681,3,,,0,220,,686,3,,,0,2,,687,3,,,0,98,,677,3,,,0,375,,682,3,,,0,5,,689,3,,,0,215,,683,3,,,0,2,,688,3,,,0,162,,684,3,,,0
