101,'4706',652,,45,45,,,0,81,,49,45,,,0,177,,46,45,,,0,114,,47,45,,,0,110,,48,45,,,0,100,,50,45,,,0,117,,52,45,,,0,154,,51,45,,,0,100,,36,45,,,0,54,,37,45,,,0,164,,38,45,,,0,125,,39,45,,,0,100,,40,45,,,0,155,,41,45,,,0,99,,42,45,,,0,28,,43,25,,,0,173,,44,45,,,0
101,'5010',637,,62,45,,,0,273,,66,45,,,0,220,,68,45,,,0,221,,67,45,,,0,254,,69,45,,,0,218,,70,45,,,0,125,,65,45,,,0,255,,64,45,,,0,299,,63,45,,,0
101,'5106',652,,391,45,,,0,81,,395,45,,,0,177,,392,45,,,0,114,,393,45,,,0,105,,394,45,,,0,105,,396,45,,,0,117,,398,45,,,0,154,,397,45,,,0,100,,382,45,,,0,119,,383,45,,,0,99,,384,45,,,0,120,,385,45,,,0,100,,386,45,,,0,160,,387,45,,,0,99,,388,45,,,0,28,,389,25,,,0,173,,390,45,,,0
101,'5109',637,,399,45,,,0,274,,403,45,,,0,222,,405,45,,,0,220,,404,45,,,0,253,,406,45,,,0,220,,407,45,,,0,123,,402,45,,,0,255,,401,45,,,0,55,,408,45,,,0,244,,400,45,,,0
101,'5110',637,,409,45,,,0,274,,413,45,,,0,222,,415,45,,,0,220,,414,45,,,0,253,,416,45,,,0,220,,417,45,,,0,123,,412,45,,,0,255,,411,45,,,0,55,,418,45,,,0,244,,410,45,,,0
9001,'4706',614,,270,17,,,0,31,,277,20,,,0,75,,278,20,,,0,34,,279,20,,,0,69,,295,17,,,0,24,,271,20,,,0,65,,280,20,,,0,24,,281,20,,,0,73,,282,20,,,0,27,,292,17,,,0,71,,273,20,,,0,38,,283,17,,,0,72,,293,20,,,0,35,,284,20,,,0,74,,301,17,,,0,32,,290,20,,,0,55,,286,20,,,0,32,,294,20,,,0,73,,302,17,,,0,26,,272,20,,,0,67,,287,17,,,0,31,,285,20,,,0,69,,297,17,,,0,24,,291,17,,,0,67,,288,20,,,0,30,,298,20,,,0,92,,276,20,,,0,96,,274,17,,,0,37,,296,20,,,0,85,,289,20,,,0,100,,275,20,,,0
9001,'4967',1326,,625,17,,,0,192,,626,17,,,0
9001,'5010',727,,321,20,,,0,118,,323,17,,,0,102,,320,20,,,0,159,,328,17,,,0,98,,343,17,,,0,124,,327,20,,,0,88,,342,20,,,0,127,,324,17,,,0,89,,344,20,,,0,169,,325,17,,,0,124,,326,17,,,0,97,,317,20,,,0,120,,316,20,,,0
9001,'5106',614,,627,17,,,0,31,,634,20,,,0,75,,635,20,,,0,34,,636,20,,,0,69,,652,17,,,0,24,,628,20,,,0,65,,637,20,,,0,24,,638,20,,,0,73,,639,20,,,0,27,,649,17,,,0,71,,630,20,,,0,38,,640,17,,,0,72,,650,20,,,0,35,,641,20,,,0,106,,647,20,,,0,55,,643,20,,,0,32,,651,20,,,0,99,,629,20,,,0,67,,644,17,,,0,31,,642,20,,,0,59,,654,17,,,0,34,,648,17,,,0,67,,645,20,,,0,30,,655,20,,,0,95,,633,20,,,0,93,,631,17,,,0,37,,653,20,,,0,85,,646,20,,,0,100,,632,20,,,0
9001,'5107',1326,,656,17,,,0,192,,657,17,,,0
9001,'5109',728,,663,20,,,0,118,,665,17,,,0,101,,662,20,,,0,159,,670,17,,,0,2,,671,17,,,0,98,,661,17,,,0,122,,669,20,,,0,2,,672,20,,,0,88,,660,20,,,0,124,,666,17,,,0,91,,664,20,,,0,168,,667,17,,,0,2,,673,17,,,0,122,,668,17,,,0,97,,659,20,,,0,120,,658,20,,,0
9001,'5110',728,,679,20,,,0,118,,681,17,,,0,101,,678,20,,,0,159,,686,17,,,0,2,,687,17,,,0,98,,677,17,,,0,122,,685,20,,,0,90,,676,20,,,0,124,,682,17,,,0,5,,689,17,,,0,86,,680,20,,,0,70,,690,20,,,0,98,,683,17,,,0,2,,688,17,,,0,122,,684,17,,,0,97,,675,20,,,0,120,,674,20,,,0
