201,'4822',452,,771,5,,,0,158,,767,21,,,0,1,,758,5,,,0,46,,770,21,,,0,169,,759,21,,,0,92,,761,21,,,0,130,,760,21,,,0,83,,774,21,,,0,97,,762,21,,,0,103,,763,21,,,0,116,,772,21,,,0,71,,764,21,,,0,120,,765,21,,,0,113,,773,21,,,0,98,,768,21,,,0,173,,769,21,,,0,35,,766,21,,,0,98,,757,21,,,0
201,'4826',452,,786,5,,,0,158,,783,21,,,0,1,,776,5,,,0,46,,785,21,,,0,168,,777,21,,,0,89,,779,21,,,0,134,,778,21,,,0,86,,789,21,,,0,94,,780,21,,,0,96,,781,21,,,0,123,,787,21,,,0,68,,782,21,,,0,125,,449,21,,,0,107,,788,21,,,0,102,,784,21,,,0,172,,453,21,,,0,35,,450,21,,,0,96,,775,21,,,0
201,'4967',1803,,792,21,,,0,419,,790,21,,,0,116,,791,21,,,0
201,'5106',504,,800,5,,,0,9,,805,5,,,0,31,,802,21,,,0,71,,806,5,,,0,97,,804,21,,,0,30,,798,21,,,0,73,,799,21,,,0,106,,797,21,,,0,207,,430,21,,,0,79,,801,21,,,0,43,,438,21,,,0,105,,803,21,,,0,98,,434,21,,,0,76,,796,21,,,0,202,,795,21,,,0,115,,794,21,,,0,180,,793,21,,,0
201,'5317',1803,,808,21,,,0
400,'4822',748,,864,56,,,0,284,,859,56,,,0,120,,858,56,,,0,207,,861,56,,,0,252,,860,56,,,0,222,,862,56,,,0,121,,863,56,,,0,301,,857,56,,,0
400,'4826',748,,870,56,,,0,284,,867,56,,,0,122,,866,56,,,0,248,,869,56,,,0,204,,868,56,,,0,224,,548,56,,,0,124,,549,56,,,0,301,,865,56,,,0
400,'4967',1700,,872,56,,,0,618,,871,60,,,0
400,'5106',637,,537,56,,,0,165,,538,56,,,0,235,,539,56,,,0,220,,875,56,,,0,155,,876,56,,,0,410,,874,56,,,0,180,,873,56,,,0
400,'5317',1700,,877,56,,,0
