400,'4706',615,,187,29,,,0,125,,188,29,,,0,275,,189,29,,,0,220,,190,29,,,0,115,,191,29,,,0,450,,186,29,,,0,145,,185,29,,,0
400,'4707',1639,,193,29,,,0,617,,192,33,,,0
400,'4890',1639,,194,29,,,0
400,'5009',726,,202,29,,,0,280,,197,29,,,0,120,,196,29,,,0,209,,199,29,,,0,210,,198,29,,,0,263,,200,29,,,0,121,,201,29,,,0,306,,195,29,,,0
400,'5010',726,,210,29,,,0,280,,205,29,,,0,120,,204,29,,,0,209,,207,29,,,0,210,,206,29,,,0,263,,208,29,,,0,121,,209,29,,,0,306,,203,29,,,0
400,'5106',615,,535,29,,,0,125,,536,29,,,0,275,,537,29,,,0,220,,538,29,,,0,115,,539,29,,,0,450,,534,29,,,0,140,,533,29,,,0
400,'5107',1639,,540,29,,,0
400,'5108',1639,,542,29,,,0,617,,541,33,,,0
400,'5109',725,,550,29,,,0,281,,545,29,,,0,122,,544,29,,,0,207,,547,29,,,0,206,,546,29,,,0,264,,548,29,,,0,126,,549,29,,,0,302,,543,29,,,0
400,'5110',725,,558,29,,,0,281,,553,29,,,0,121,,552,29,,,0,205,,555,29,,,0,214,,554,29,,,0,262,,556,29,,,0,123,,557,29,,,0,302,,551,29,,,0
