400,'4706',616,,187,30,,,0,125,,188,30,,,0,275,,189,30,,,0,220,,190,30,,,0,115,,191,30,,,0,450,,186,30,,,0,145,,185,30,,,0
400,'4707',1640,,193,30,,,0,617,,192,34,,,0
400,'4890',1640,,194,30,,,0
400,'5009',727,,202,30,,,0,280,,197,30,,,0,120,,196,30,,,0,209,,199,30,,,0,210,,198,30,,,0,263,,200,30,,,0,121,,201,30,,,0,306,,195,30,,,0
400,'5010',727,,210,30,,,0,280,,205,30,,,0,120,,204,30,,,0,209,,207,30,,,0,210,,206,30,,,0,263,,208,30,,,0,121,,209,30,,,0,306,,203,30,,,0
400,'5106',616,,535,30,,,0,125,,536,30,,,0,275,,537,30,,,0,220,,538,30,,,0,115,,539,30,,,0,450,,534,30,,,0,140,,533,30,,,0
400,'5107',1640,,540,30,,,0
400,'5108',1640,,542,30,,,0,617,,541,34,,,0
400,'5109',726,,550,30,,,0,281,,545,30,,,0,122,,544,30,,,0,207,,547,30,,,0,206,,546,30,,,0,264,,548,30,,,0,126,,549,30,,,0,302,,543,30,,,0
400,'5110',726,,558,30,,,0,281,,553,30,,,0,121,,552,30,,,0,205,,555,30,,,0,214,,554,30,,,0,262,,556,30,,,0,123,,557,30,,,0,302,,551,30,,,0
