101,'4706',627,,45,10,,,0,82,,49,10,,,0,134,,46,10,,,0,114,,47,10,,,0,150,,48,10,,,0,100,,50,10,,,0,115,,52,10,,,0,116,,51,10,,,0,99,,36,10,,,0,96,,37,10,,,0,124,,38,10,,,0,165,,39,10,,,0,100,,40,10,,,0,115,,41,10,,,0,100,,42,10,,,0,201,,44,10,,,0
101,'5009',612,,53,10,,,0,231,,57,10,,,0,260,,59,10,,,0,219,,58,10,,,0,215,,60,10,,,0,220,,61,10,,,0,165,,56,10,,,0,215,,55,10,,,0,300,,54,10,,,0
101,'5010',612,,62,10,,,0,231,,66,10,,,0,260,,68,10,,,0,219,,67,10,,,0,215,,69,10,,,0,220,,70,10,,,0,165,,65,10,,,0,215,,64,10,,,0,300,,63,10,,,0
101,'5106',627,,391,10,,,0,82,,395,10,,,0,134,,392,10,,,0,114,,393,10,,,0,145,,394,10,,,0,105,,396,10,,,0,115,,398,10,,,0,116,,397,10,,,0,99,,382,10,,,0,121,,383,10,,,0,99,,384,10,,,0,160,,385,10,,,0,100,,386,10,,,0,120,,387,10,,,0,100,,388,10,,,0,201,,390,10,,,0
101,'5109',612,,399,10,,,0,231,,403,10,,,0,260,,405,10,,,0,220,,404,10,,,0,215,,406,10,,,0,220,,407,10,,,0,165,,402,10,,,0,215,,401,10,,,0,95,,408,10,,,0,205,,400,10,,,0
101,'5110',612,,409,10,,,0,231,,413,10,,,0,260,,415,10,,,0,220,,414,10,,,0,215,,416,10,,,0,220,,417,10,,,0,165,,412,10,,,0,215,,411,10,,,0,95,,418,10,,,0,205,,410,10,,,0
9001,'4706',634,,277,6,,,0,75,,278,6,,,0,33,,279,6,,,0,92,,271,6,,,0,25,,280,6,,,0,64,,281,6,,,0,33,,282,6,,,0,98,,273,6,,,0,150,,293,6,,,0,35,,284,6,,,0,105,,290,6,,,0,15,,286,6,,,0,72,,294,6,,,0,99,,272,6,,,0,99,,285,6,,,0,120,,288,6,,,0,70,,298,6,,,0,92,,276,6,,,0,133,,296,6,,,0,85,,289,6,,,0,100,,275,6,,,0
9001,'5009',716,,308,6,,,0,218,,307,6,,,0,380,,314,6,,,0,88,,339,6,,,0,217,,341,6,,,0,390,,304,6,,,0,120,,303,6,,,0
9001,'5010',716,,321,6,,,0,218,,320,6,,,0,380,,327,6,,,0,88,,342,6,,,0,217,,344,6,,,0,390,,317,6,,,0,120,,316,6,,,0
9001,'5106',634,,632,6,,,0,75,,633,6,,,0,33,,634,6,,,0,92,,626,6,,,0,25,,635,6,,,0,64,,636,6,,,0,33,,637,6,,,0,98,,628,6,,,0,150,,648,6,,,0,35,,639,6,,,0,105,,645,6,,,0,15,,641,6,,,0,72,,649,6,,,0,99,,627,6,,,0,99,,640,6,,,0,120,,643,6,,,0,70,,653,6,,,0,95,,631,6,,,0,130,,651,6,,,0,85,,644,6,,,0,100,,630,6,,,0
9001,'5109',716,,663,6,,,0,218,,662,6,,,0,380,,669,6,,,0,2,,672,6,,,0,88,,660,6,,,0,215,,664,6,,,0,390,,659,6,,,0,120,,658,6,,,0
9001,'5110',716,,679,6,,,0,218,,678,6,,,0,380,,685,6,,,0,90,,676,6,,,0,215,,680,6,,,0,30,,690,6,,,0,360,,675,6,,,0,120,,674,6,,,0
