9001,'4706',604,,270,4,,,0,207,,295,4,,,0,213,,292,4,,,0,109,,283,4,,,0,426,,287,4,,,0,100,,297,4,,,0,64,,291,4,,,0,286,,274,4,,,0
9001,'4707',1314,,299,4,,,0,191,,300,4,,,0
9001,'4890',1314,,301,4,,,0,191,,302,4,,,0
9001,'5009',833,,310,4,,,0,221,,315,4,,,0,98,,340,4,,,0,378,,311,4,,,0,219,,312,4,,,0,165,,313,4,,,0
9001,'5010',833,,323,4,,,0,221,,328,4,,,0,98,,343,4,,,0,378,,324,4,,,0,219,,325,4,,,0,165,,326,4,,,0
9001,'5106',604,,625,4,,,0,207,,650,4,,,0,213,,647,4,,,0,109,,638,4,,,0,426,,642,4,,,0,90,,652,4,,,0,74,,646,4,,,0,286,,629,4,,,0
9001,'5107',1314,,654,4,,,0,191,,655,4,,,0
9001,'5108',1314,,656,4,,,0,191,,657,4,,,0
9001,'5109',834,,665,4,,,0,220,,670,4,,,0,2,,671,4,,,0,98,,661,4,,,0,375,,666,4,,,0,220,,667,4,,,0,2,,673,4,,,0,163,,668,4,,,0
9001,'5110',834,,681,4,,,0,220,,686,4,,,0,2,,687,4,,,0,98,,677,4,,,0,375,,682,4,,,0,5,,689,4,,,0,215,,683,4,,,0,2,,688,4,,,0,163,,684,4,,,0
