201,'4532',600,,1094,8,,,0,47,,1097,8,,,0,165,,1086,8,,,0,92,,1088,8,,,0,143,,1087,8,,,0,78,,1101,8,,,0,89,,1089,8,,,0,98,,1090,8,,,0,123,,1099,8,,,0,24,,1091,8,,,0,171,,1092,8,,,0,107,,1100,8,,,0,103,,1095,8,,,0,172,,1096,8,,,0,39,,1093,8,,,0,96,,1084,8,,,0
201,'5106',535,,802,8,,,0,167,,804,8,,,0,30,,798,8,,,0,73,,799,8,,,0,106,,797,8,,,0,206,,430,8,,,0,39,,801,8,,,0,83,,438,8,,,0,105,,803,8,,,0,98,,434,8,,,0,76,,796,8,,,0,202,,795,8,,,0,32,,808,8,,,0,84,,794,8,,,0,181,,793,8,,,0,391,,807,8,,,0
201,'5224',535,,1112,8,,,0,167,,1115,8,,,0,30,,1107,8,,,0,73,,1108,8,,,0,106,,1106,8,,,0,206,,1110,8,,,0,39,,1111,8,,,0,83,,1118,8,,,0,105,,1113,8,,,0,98,,1114,8,,,0,76,,1105,8,,,0,202,,1104,8,,,0,32,,1120,8,,,0,84,,1103,8,,,0,181,,1102,8,,,0,391,,1119,8,,,0
201,'5226',2213,,1121,8,,,0,117,,1122,8,,,0
201,'5228',600,,1133,8,,,0,47,,1136,8,,,0,166,,1125,8,,,0,91,,1127,8,,,0,143,,1126,8,,,0,76,,1140,8,,,0,91,,1128,8,,,0,42,,1129,8,,,0,176,,1138,8,,,0,75,,1130,8,,,0,124,,1131,8,,,0,100,,1139,8,,,0,109,,1134,8,,,0,167,,1135,8,,,0,44,,1132,8,,,0,96,,1123,8,,,0
400,'4532',710,,1202,5,,,0,241,,1197,5,,,0,169,,1196,5,,,0,200,,1199,5,,,0,205,,1198,5,,,0,225,,1200,5,,,0,166,,1201,5,,,0,301,,1195,5,,,0
400,'5106',600,,537,5,,,0,124,,538,5,,,0,276,,539,5,,,0,220,,875,5,,,0,115,,876,5,,,0,289,,877,5,,,0,121,,874,5,,,0,180,,873,5,,,0
400,'5224',600,,1206,5,,,0,124,,1207,5,,,0,276,,1208,5,,,0,220,,1209,5,,,0,115,,1210,5,,,0,289,,1203,5,,,0,121,,1205,5,,,0,180,,1204,5,,,0
400,'5226',2239,,1211,5,,,0
400,'5228',708,,1219,5,,,0,244,,1214,5,,,0,151,,1213,5,,,0,215,,1216,5,,,0,210,,1215,5,,,0,220,,1217,5,,,0,167,,1218,5,,,0,301,,1212,5,,,0
