400,'4706',631,,187,48,,,0,125,,188,48,,,0,275,,189,48,,,0,220,,190,48,,,0,155,,191,48,,,0,410,,186,48,,,0,185,,185,48,,,0
400,'4707',1654,,193,48,,,0,658,,192,52,,,0
400,'4890',1654,,194,48,,,0
400,'5009',743,,202,48,,,0,280,,197,48,,,0,120,,196,48,,,0,209,,199,48,,,0,251,,198,48,,,0,222,,200,48,,,0,122,,201,48,,,0,305,,195,48,,,0
400,'5010',743,,210,48,,,0,280,,205,48,,,0,120,,204,48,,,0,209,,207,48,,,0,251,,206,48,,,0,222,,208,48,,,0,122,,209,48,,,0,305,,203,48,,,0
400,'5106',631,,535,48,,,0,125,,536,48,,,0,275,,537,48,,,0,220,,538,48,,,0,155,,539,48,,,0,410,,534,48,,,0,140,,533,48,,,0
400,'5107',1654,,540,48,,,0
400,'5108',1654,,542,48,,,0,658,,541,52,,,0
400,'5109',741,,550,48,,,0,282,,545,48,,,0,122,,544,48,,,0,208,,547,48,,,0,206,,546,48,,,0,263,,548,48,,,0,126,,549,48,,,0,301,,543,48,,,0
400,'5110',741,,558,48,,,0,284,,553,48,,,0,118,,552,48,,,0,208,,555,48,,,0,253,,554,48,,,0,222,,556,48,,,0,122,,557,48,,,0,301,,551,48,,,0
