9001,'4706',607,,270,8,,,0,208,,295,8,,,0,213,,292,8,,,0,109,,283,8,,,0,466,,287,8,,,0,100,,297,8,,,0,24,,291,8,,,0,285,,274,8,,,0
9001,'4707',1318,,299,8,,,0,191,,300,8,,,0
9001,'4890',1318,,301,8,,,0,191,,302,8,,,0
9001,'5009',837,,310,8,,,0,221,,315,8,,,0,98,,340,8,,,0,378,,311,8,,,0,219,,312,8,,,0,164,,313,8,,,0
9001,'5010',837,,323,8,,,0,221,,328,8,,,0,98,,343,8,,,0,378,,324,8,,,0,219,,325,8,,,0,164,,326,8,,,0
9001,'5106',607,,625,8,,,0,208,,650,8,,,0,213,,647,8,,,0,109,,638,8,,,0,466,,642,8,,,0,50,,652,8,,,0,74,,646,8,,,0,285,,629,8,,,0
9001,'5107',1318,,654,8,,,0,191,,655,8,,,0
9001,'5108',1318,,656,8,,,0,191,,657,8,,,0
9001,'5109',838,,665,8,,,0,220,,670,8,,,0,42,,671,8,,,0,58,,661,8,,,0,376,,666,8,,,0,219,,667,8,,,0,2,,673,8,,,0,162,,668,8,,,0
9001,'5110',838,,681,8,,,0,220,,686,8,,,0,42,,687,8,,,0,58,,677,8,,,0,376,,682,8,,,0,5,,689,8,,,0,214,,683,8,,,0,2,,688,8,,,0,162,,684,8,,,0
