201,'4822',450,,771,2,,,0,158,,767,18,,,0,1,,758,2,,,0,46,,770,18,,,0,169,,759,18,,,0,92,,761,18,,,0,129,,760,18,,,0,83,,774,18,,,0,97,,762,18,,,0,103,,763,18,,,0,116,,772,18,,,0,72,,764,18,,,0,120,,765,18,,,0,113,,773,18,,,0,98,,768,18,,,0,173,,769,18,,,0,35,,766,18,,,0,98,,757,18,,,0
201,'4826',450,,786,2,,,0,158,,783,18,,,0,1,,776,2,,,0,46,,785,18,,,0,168,,777,18,,,0,89,,779,18,,,0,133,,778,18,,,0,86,,789,18,,,0,94,,780,18,,,0,96,,781,18,,,0,123,,787,18,,,0,69,,782,18,,,0,125,,449,18,,,0,107,,788,18,,,0,102,,784,18,,,0,172,,453,18,,,0,35,,450,18,,,0,96,,775,18,,,0
201,'4967',1801,,792,18,,,0,419,,790,18,,,0,116,,791,18,,,0
201,'5106',1126,,430,18,,,0,122,,438,18,,,0,203,,434,18,,,0
201,'5315',502,,429,2,,,0,9,,436,2,,,0,31,,432,18,,,0,71,,437,2,,,0,97,,435,18,,,0,30,,427,18,,,0,73,,428,18,,,0,106,,426,18,,,0,286,,431,18,,,0,148,,433,18,,,0,174,,425,18,,,0,202,,424,18,,,0,72,,440,18,,,0,43,,423,18,,,0,180,,422,18,,,0
201,'5316',502,,800,2,,,0,9,,805,2,,,0,31,,802,18,,,0,71,,806,2,,,0,97,,804,18,,,0,30,,798,18,,,0,73,,799,18,,,0,106,,797,18,,,0,286,,801,18,,,0,148,,803,18,,,0,174,,796,18,,,0,202,,795,18,,,0,115,,794,18,,,0,180,,793,18,,,0
201,'5317',1801,,808,18,,,0
400,'4822',712,,864,11,,,0,242,,859,11,,,0,159,,858,11,,,0,206,,861,11,,,0,214,,860,11,,,0,222,,862,11,,,0,163,,863,11,,,0,302,,857,11,,,0
400,'4826',712,,870,11,,,0,241,,867,11,,,0,162,,866,11,,,0,207,,869,11,,,0,206,,868,11,,,0,224,,548,11,,,0,166,,549,11,,,0,302,,865,11,,,0
400,'4967',1626,,872,11,,,0,617,,871,15,,,0
400,'5106',602,,537,11,,,0,124,,538,11,,,0,276,,539,11,,,0
400,'5315',1222,,540,11,,,0,115,,541,11,,,0,289,,542,11,,,0,121,,536,11,,,0,180,,535,11,,,0
400,'5316',1222,,875,11,,,0,115,,876,11,,,0,410,,874,11,,,0,180,,873,11,,,0
400,'5317',1626,,877,11,,,0
