101,'4532',623,,1047,27,,,0,232,,1051,27,,,0,262,,1053,27,,,0,220,,1052,27,,,0,213,,1054,27,,,0,255,,1055,27,,,0,125,,1050,27,,,0,220,,1049,27,,,0,95,,1056,27,,,0,204,,1048,27,,,0
101,'5106',638,,751,27,,,0,81,,755,27,,,0,136,,752,27,,,0,154,,753,27,,,0,105,,754,27,,,0,104,,756,27,,,0,117,,398,27,,,0,114,,397,27,,,0,100,,743,27,,,0,160,,744,27,,,0,100,,384,27,,,0,120,,745,27,,,0,100,,746,27,,,0,120,,747,27,,,0,99,,748,27,,,0,68,,749,7,,,0,133,,750,27,,,0
101,'5224',638,,1066,27,,,0,81,,1070,27,,,0,136,,1067,27,,,0,159,,1068,27,,,0,100,,1069,27,,,0,120,,1071,27,,,0,101,,1073,27,,,0,109,,1072,27,,,0,105,,1057,27,,,0,155,,1058,27,,,0,100,,1059,27,,,0,125,,1060,27,,,0,100,,1061,27,,,0,120,,1062,27,,,0,99,,1063,27,,,0,68,,1064,7,,,0,133,,1065,27,,,0
101,'5228',623,,1074,27,,,0,232,,1078,27,,,0,262,,1080,27,,,0,218,,1079,27,,,0,215,,1081,27,,,0,254,,1082,27,,,0,125,,1077,27,,,0,220,,1076,27,,,0,95,,1083,27,,,0,204,,1075,27,,,0
9001,'4532',720,,1290,11,,,0,238,,1289,11,,,0,360,,1296,11,,,0,2,,1300,11,,,0,38,,1291,11,,,0,290,,1298,11,,,0,365,,1287,11,,,0,120,,1286,11,,,0
9001,'5106',638,,986,11,,,0,75,,987,11,,,0,33,,988,11,,,0,92,,980,11,,,0,65,,989,11,,,0,24,,990,11,,,0,73,,991,11,,,0,58,,982,11,,,0,150,,1002,11,,,0,35,,993,11,,,0,105,,999,11,,,0,55,,995,11,,,0,32,,1003,11,,,0,99,,981,11,,,0,99,,994,11,,,0,120,,997,11,,,0,70,,1007,11,,,0,95,,985,11,,,0,130,,1005,11,,,0,85,,998,11,,,0,100,,984,11,,,0
9001,'5224',638,,1310,11,,,0,75,,1311,11,,,0,33,,1312,11,,,0,97,,1303,11,,,0,60,,1313,11,,,0,24,,1314,11,,,0,76,,1315,11,,,0,55,,1306,11,,,0,160,,1324,11,,,0,25,,1317,11,,,0,105,,1321,11,,,0,80,,1325,11,,,0,106,,1304,11,,,0,99,,1318,11,,,0,190,,1329,11,,,0,90,,1309,11,,,0,135,,1327,11,,,0,85,,1320,11,,,0,100,,1308,11,,,0
9001,'5225',1403,,1330,11,,,0,345,,1332,11,,,0
9001,'5226',1403,,1333,11,,,0,345,,1335,11,,,0
9001,'5228',720,,1341,11,,,0,238,,1340,11,,,0,360,,1346,11,,,0,40,,1338,11,,,0,290,,1348,11,,,0,365,,1337,11,,,0,120,,1336,11,,,0
