201,'4706',502,,78,3,,,0,9,,85,3,,,0,31,,81,19,,,0,71,,86,3,,,0,97,,84,19,,,0,30,,76,19,,,0,81,,77,19,,,0,98,,75,19,,,0,207,,79,19,,,0,79,,80,19,,,0,43,,87,19,,,0,105,,82,19,,,0,103,,83,19,,,0,76,,74,19,,,0,199,,73,19,,,0,70,,92,19,,,0,48,,71,19,,,0,180,,72,19,,,0
201,'4822',451,,473,3,,,0,157,,469,19,,,0,1,,460,3,,,0,46,,472,19,,,0,169,,461,19,,,0,92,,463,19,,,0,129,,462,19,,,0,83,,476,19,,,0,97,,464,19,,,0,103,,465,19,,,0,116,,474,19,,,0,72,,466,19,,,0,120,,467,19,,,0,113,,475,19,,,0,99,,470,19,,,0,173,,471,19,,,0,35,,468,19,,,0,98,,459,19,,,0
201,'4826',451,,455,3,,,0,157,,451,19,,,0,1,,442,3,,,0,46,,454,19,,,0,168,,443,19,,,0,89,,445,19,,,0,133,,444,19,,,0,86,,458,19,,,0,94,,446,19,,,0,96,,447,19,,,0,123,,456,19,,,0,69,,448,19,,,0,125,,449,19,,,0,107,,457,19,,,0,103,,452,19,,,0,172,,453,19,,,0,35,,450,19,,,0,96,,441,19,,,0
201,'4967',1801,,421,19,,,0,419,,419,19,,,0,117,,420,19,,,0
201,'5106',502,,429,3,,,0,9,,436,3,,,0,31,,432,19,,,0,71,,437,3,,,0,97,,435,19,,,0,30,,427,19,,,0,73,,428,19,,,0,106,,426,19,,,0,207,,430,19,,,0,79,,431,19,,,0,43,,438,19,,,0,105,,433,19,,,0,98,,434,19,,,0,76,,425,19,,,0,202,,424,19,,,0,115,,423,19,,,0,180,,422,19,,,0
201,'5107',1801,,440,19,,,0
400,'4706',603,,187,12,,,0,124,,188,12,,,0,276,,189,12,,,0,220,,190,12,,,0,115,,191,12,,,0,289,,194,12,,,0,121,,186,12,,,0,185,,185,12,,,0
400,'4822',713,,558,12,,,0,242,,553,12,,,0,159,,552,12,,,0,206,,555,12,,,0,214,,554,12,,,0,222,,556,12,,,0,163,,557,12,,,0,302,,551,12,,,0
400,'4826',713,,550,12,,,0,241,,545,12,,,0,162,,544,12,,,0,207,,547,12,,,0,206,,546,12,,,0,224,,548,12,,,0,166,,549,12,,,0,302,,543,12,,,0
400,'4967',1627,,534,12,,,0,617,,533,16,,,0
400,'5106',603,,537,12,,,0,124,,538,12,,,0,276,,539,12,,,0,220,,540,12,,,0,115,,541,12,,,0,410,,536,12,,,0,180,,535,12,,,0
400,'5107',1627,,542,12,,,0
