201,'4706',539,,81,13,,,0,167,,84,13,,,0,30,,76,13,,,0,81,,77,13,,,0,98,,75,13,,,0,207,,79,13,,,0,79,,80,13,,,0,43,,87,13,,,0,105,,82,13,,,0,103,,83,13,,,0,76,,74,13,,,0,199,,73,13,,,0,118,,71,13,,,0,181,,72,13,,,0,386,,88,13,,,0
201,'4707',1757,,91,13,,,0,460,,89,13,,,0,117,,90,13,,,0
201,'4890',1757,,92,13,,,0
201,'5009',604,,103,13,,,0,47,,106,13,,,0,168,,95,13,,,0,89,,97,13,,,0,118,,329,13,,,0,102,,110,13,,,0,94,,98,13,,,0,95,,99,13,,,0,124,,108,13,,,0,72,,330,13,,,0,122,,101,13,,,0,108,,109,13,,,0,101,,104,13,,,0,165,,105,13,,,0,92,,102,13,,,0,47,,93,13,,,0
201,'5010',604,,121,13,,,0,47,,124,13,,,0,168,,113,13,,,0,89,,115,13,,,0,118,,331,13,,,0,102,,128,13,,,0,94,,116,13,,,0,95,,117,13,,,0,124,,126,13,,,0,72,,332,13,,,0,122,,119,13,,,0,108,,127,13,,,0,101,,122,13,,,0,165,,123,13,,,0,92,,120,13,,,0,47,,111,13,,,0
201,'5106',539,,429,13,,,0,167,,432,13,,,0,30,,424,13,,,0,73,,425,13,,,0,106,,423,13,,,0,207,,427,13,,,0,79,,428,13,,,0,43,,435,13,,,0,105,,430,13,,,0,98,,431,13,,,0,76,,422,13,,,0,202,,421,13,,,0,115,,420,13,,,0,181,,419,13,,,0,391,,436,13,,,0
201,'5107',1757,,437,13,,,0
201,'5108',1757,,440,13,,,0,460,,438,13,,,0,117,,439,13,,,0
201,'5109',604,,451,13,,,0,47,,454,13,,,0,168,,443,13,,,0,89,,445,13,,,0,133,,444,13,,,0,86,,458,13,,,0,94,,446,13,,,0,96,,447,13,,,0,123,,456,13,,,0,69,,448,13,,,0,125,,449,13,,,0,107,,457,13,,,0,103,,452,13,,,0,172,,453,13,,,0,35,,450,13,,,0,97,,441,13,,,0
201,'5110',604,,469,13,,,0,47,,472,13,,,0,169,,461,13,,,0,92,,463,13,,,0,129,,462,13,,,0,83,,476,13,,,0,97,,464,13,,,0,103,,465,13,,,0,116,,474,13,,,0,72,,466,13,,,0,120,,467,13,,,0,113,,475,13,,,0,99,,470,13,,,0,173,,471,13,,,0,35,,468,13,,,0,99,,459,13,,,0
400,'4707',2241,,192,10,,,0
400,'5108',2241,,541,10,,,0
