101,'4532',701,,1047,81,,,0,234,,1051,81,,,0,223,,1053,81,,,0,260,,1052,81,,,0,213,,1054,81,,,0,214,,1055,81,,,0,163,,1050,81,,,0,220,,1049,81,,,0,95,,1056,81,,,0,203,,1048,81,,,0
101,'5106',717,,751,81,,,0,84,,755,87,,,0,134,,752,81,,,0,114,,753,81,,,0,106,,754,81,,,0,148,,756,87,,,0,114,,398,81,,,0,117,,397,87,,,0,97,,743,81,,,0,121,,744,87,,,0,95,,384,81,,,0,160,,745,81,,,0,100,,746,81,,,0,120,,747,81,,,0,99,,748,81,,,0,28,,749,61,,,0,173,,750,81,,,0
101,'5224',717,,1066,81,,,0,84,,1070,87,,,0,134,,1067,81,,,0,119,,1068,81,,,0,101,,1069,81,,,0,164,,1071,87,,,0,98,,1073,81,,,0,112,,1072,87,,,0,102,,1057,81,,,0,116,,1058,87,,,0,95,,1059,81,,,0,165,,1060,81,,,0,100,,1061,81,,,0,120,,1062,81,,,0,99,,1063,81,,,0,28,,1064,61,,,0,173,,1065,81,,,0
101,'5228',701,,1074,81,,,0,232,,1078,81,,,0,223,,1080,81,,,0,257,,1079,81,,,0,215,,1081,81,,,0,214,,1082,81,,,0,164,,1077,81,,,0,220,,1076,81,,,0,95,,1083,81,,,0,203,,1075,81,,,0
9001,'4532',746,,1290,44,,,0,159,,1292,41,,,0,121,,1289,44,,,0,99,,1297,41,,,0,2,,1299,41,,,0,118,,1288,41,,,0,103,,1296,44,,,0,2,,1300,44,,,0,78,,1291,44,,,0,174,,1293,41,,,0,115,,1298,44,,,0,98,,1294,41,,,0,2,,1301,41,,,0,121,,1295,41,,,0,102,,1287,44,,,0,160,,1286,44,,,0
9001,'5106',631,,979,41,,,0,71,,986,44,,,0,37,,987,44,,,0,75,,988,44,,,0,29,,1004,41,,,0,63,,980,44,,,0,25,,989,44,,,0,22,,990,44,,,0,72,,991,44,,,0,27,,1001,41,,,0,71,,982,44,,,0,79,,992,41,,,0,32,,1002,44,,,0,77,,993,44,,,0,35,,1008,41,,,0,72,,999,44,,,0,15,,995,44,,,0,72,,1003,44,,,0,35,,1009,41,,,0,65,,981,44,,,0,26,,996,41,,,0,71,,994,44,,,0,18,,1006,41,,,0,34,,1000,41,,,0,67,,997,44,,,0,30,,1007,44,,,0,95,,985,44,,,0,92,,983,41,,,0,78,,1005,44,,,0,85,,998,44,,,0,100,,984,44,,,0
9001,'5224',631,,1302,41,,,0,71,,1310,44,,,0,37,,1311,44,,,0,75,,1312,44,,,0,28,,1326,41,,,0,69,,1303,44,,,0,20,,1313,44,,,0,22,,1314,44,,,0,75,,1315,44,,,0,24,,1323,41,,,0,71,,1306,44,,,0,30,,1316,41,,,0,91,,1324,44,,,0,67,,1317,44,,,0,35,,1305,41,,,0,72,,1321,44,,,0,40,,1325,44,,,0,82,,1319,41,,,0,65,,1304,44,,,0,97,,1318,44,,,0,13,,1328,41,,,0,42,,1322,41,,,0,94,,1329,44,,,0,90,,1309,44,,,0,97,,1307,41,,,0,78,,1327,44,,,0,85,,1320,44,,,0,100,,1308,44,,,0
9001,'5225',1433,,1330,44,,,0,193,,1331,41,,,0,190,,1332,44,,,0
9001,'5226',1433,,1333,44,,,0,193,,1334,41,,,0,190,,1335,44,,,0
9001,'5228',746,,1341,44,,,0,157,,1342,41,,,0,122,,1340,44,,,0,99,,1347,41,,,0,2,,1349,41,,,0,118,,1339,41,,,0,103,,1346,44,,,0,80,,1338,44,,,0,174,,1343,41,,,0,2,,1350,41,,,0,112,,1348,44,,,0,99,,1344,41,,,0,2,,1351,41,,,0,122,,1345,41,,,0,102,,1337,44,,,0,160,,1336,44,,,0
