101,'4706',641,,45,31,,,0,81,,49,31,,,0,136,,46,31,,,0,154,,47,31,,,0,110,,48,31,,,0,99,,50,31,,,0,117,,52,31,,,0,114,,51,31,,,0,100,,36,31,,,0,95,,37,31,,,0,165,,38,31,,,0,125,,39,31,,,0,100,,40,31,,,0,115,,41,31,,,0,99,,42,31,,,0,68,,43,11,,,0,133,,44,31,,,0
101,'5009',626,,53,31,,,0,232,,57,31,,,0,260,,59,31,,,0,220,,58,31,,,0,214,,60,31,,,0,260,,61,31,,,0,125,,56,31,,,0,215,,55,31,,,0,299,,54,31,,,0
101,'5010',626,,62,31,,,0,232,,66,31,,,0,260,,68,31,,,0,220,,67,31,,,0,214,,69,31,,,0,260,,70,31,,,0,125,,65,31,,,0,215,,64,31,,,0,299,,63,31,,,0
101,'5106',641,,391,31,,,0,81,,395,31,,,0,136,,392,31,,,0,154,,393,31,,,0,105,,394,31,,,0,104,,396,31,,,0,117,,398,31,,,0,114,,397,31,,,0,100,,382,31,,,0,160,,383,31,,,0,100,,384,31,,,0,120,,385,31,,,0,100,,386,31,,,0,120,,387,31,,,0,99,,388,31,,,0,68,,389,11,,,0,133,,390,31,,,0
101,'5109',626,,399,31,,,0,232,,403,31,,,0,262,,405,31,,,0,220,,404,31,,,0,213,,406,31,,,0,260,,407,31,,,0,125,,402,31,,,0,215,,401,31,,,0,95,,408,31,,,0,204,,400,31,,,0
101,'5110',626,,409,31,,,0,232,,413,31,,,0,262,,415,31,,,0,220,,414,31,,,0,213,,416,31,,,0,260,,417,31,,,0,125,,412,31,,,0,215,,411,31,,,0,95,,418,31,,,0,204,,410,31,,,0
9001,'4706',610,,270,11,,,0,31,,277,14,,,0,75,,278,14,,,0,33,,279,14,,,0,69,,295,11,,,0,23,,271,14,,,0,65,,280,14,,,0,24,,281,14,,,0,73,,282,14,,,0,28,,292,11,,,0,70,,273,14,,,0,39,,283,11,,,0,71,,293,14,,,0,35,,284,14,,,0,106,,290,14,,,0,55,,286,14,,,0,32,,294,14,,,0,99,,272,14,,,0,68,,287,11,,,0,30,,285,14,,,0,70,,297,11,,,0,24,,291,11,,,0,26,,288,14,,,0,70,,298,14,,,0,92,,276,14,,,0,97,,274,11,,,0,36,,296,14,,,0,85,,289,14,,,0,100,,275,14,,,0
9001,'4707',1321,,299,11,,,0,192,,300,11,,,0
9001,'4890',1321,,301,11,,,0,192,,302,11,,,0
9001,'5009',723,,308,14,,,0,117,,310,11,,,0,101,,307,14,,,0,160,,315,11,,,0,58,,340,11,,,0,163,,314,14,,,0,88,,339,14,,,0,128,,311,11,,,0,88,,341,14,,,0,130,,312,11,,,0,164,,313,11,,,0,96,,304,14,,,0,120,,303,14,,,0
9001,'5010',723,,321,14,,,0,117,,323,11,,,0,101,,320,14,,,0,160,,328,11,,,0,58,,343,11,,,0,163,,327,14,,,0,88,,342,14,,,0,128,,324,11,,,0,88,,344,14,,,0,130,,325,11,,,0,164,,326,11,,,0,96,,317,14,,,0,120,,316,14,,,0
9001,'5106',610,,625,11,,,0,31,,632,14,,,0,75,,633,14,,,0,33,,634,14,,,0,69,,650,11,,,0,23,,626,14,,,0,65,,635,14,,,0,24,,636,14,,,0,73,,637,14,,,0,28,,647,11,,,0,70,,628,14,,,0,39,,638,11,,,0,71,,648,14,,,0,35,,639,14,,,0,106,,645,14,,,0,55,,641,14,,,0,32,,649,14,,,0,99,,627,14,,,0,68,,642,11,,,0,30,,640,14,,,0,20,,652,11,,,0,74,,646,11,,,0,26,,643,14,,,0,70,,653,14,,,0,95,,631,14,,,0,94,,629,11,,,0,36,,651,14,,,0,85,,644,14,,,0,100,,630,14,,,0
9001,'5107',1321,,654,11,,,0,192,,655,11,,,0
9001,'5108',1321,,656,11,,,0,192,,657,11,,,0
9001,'5109',723,,663,14,,,0,118,,665,11,,,0,100,,662,14,,,0,160,,670,11,,,0,2,,671,11,,,0,98,,661,11,,,0,121,,669,14,,,0,2,,672,14,,,0,88,,660,14,,,0,125,,666,11,,,0,90,,664,14,,,0,129,,667,11,,,0,2,,673,11,,,0,162,,668,11,,,0,96,,659,14,,,0,120,,658,14,,,0
9001,'5110',723,,679,14,,,0,118,,681,11,,,0,100,,678,14,,,0,160,,686,11,,,0,2,,687,11,,,0,98,,677,11,,,0,121,,685,14,,,0,90,,676,14,,,0,125,,682,11,,,0,5,,689,11,,,0,85,,680,14,,,0,30,,690,14,,,0,99,,683,11,,,0,2,,688,11,,,0,162,,684,11,,,0,96,,675,14,,,0,120,,674,14,,,0
