400,'4706',625,,187,46,,,0,125,,188,46,,,0,275,,189,46,,,0,220,,190,46,,,0,155,,191,46,,,0,410,,186,46,,,0,145,,185,46,,,0
400,'4707',1649,,193,46,,,0,657,,192,50,,,0
400,'4890',1649,,194,46,,,0
400,'5009',736,,202,46,,,0,280,,197,46,,,0,120,,196,46,,,0,209,,199,46,,,0,212,,198,46,,,0,261,,200,46,,,0,123,,201,46,,,0,305,,195,46,,,0
400,'5010',736,,210,46,,,0,280,,205,46,,,0,120,,204,46,,,0,209,,207,46,,,0,212,,206,46,,,0,261,,208,46,,,0,123,,209,46,,,0,305,,203,46,,,0
400,'5106',625,,535,46,,,0,125,,536,46,,,0,275,,537,46,,,0,220,,538,46,,,0,155,,539,46,,,0,410,,534,46,,,0,140,,533,46,,,0
400,'5107',1649,,540,46,,,0
400,'5108',1649,,542,46,,,0,657,,541,50,,,0
400,'5109',735,,550,46,,,0,281,,545,46,,,0,122,,544,46,,,0,207,,547,46,,,0,207,,546,46,,,0,263,,548,46,,,0,127,,549,46,,,0,301,,543,46,,,0
400,'5110',735,,558,46,,,0,283,,553,46,,,0,118,,552,46,,,0,208,,555,46,,,0,213,,554,46,,,0,263,,556,46,,,0,122,,557,46,,,0,301,,551,46,,,0
