101,'4532',706,,1047,87,,,0,233,,1051,87,,,0,264,,1053,87,,,0,220,,1052,87,,,0,212,,1054,87,,,0,214,,1055,87,,,0,163,,1050,87,,,0,220,,1049,87,,,0,95,,1056,87,,,0,202,,1048,87,,,0
101,'5106',721,,751,87,,,0,85,,755,93,,,0,134,,752,87,,,0,114,,753,87,,,0,146,,754,87,,,0,108,,756,93,,,0,114,,398,87,,,0,117,,397,93,,,0,97,,743,87,,,0,121,,744,93,,,0,94,,384,87,,,0,160,,745,87,,,0,100,,746,87,,,0,119,,747,87,,,0,99,,748,87,,,0,28,,749,67,,,0,173,,750,87,,,0
101,'5224',721,,1066,87,,,0,85,,1070,93,,,0,134,,1067,87,,,0,119,,1068,87,,,0,141,,1069,87,,,0,124,,1071,93,,,0,98,,1073,87,,,0,112,,1072,93,,,0,102,,1057,87,,,0,116,,1058,93,,,0,94,,1059,87,,,0,165,,1060,87,,,0,100,,1061,87,,,0,119,,1062,87,,,0,99,,1063,87,,,0,28,,1064,67,,,0,173,,1065,87,,,0
101,'5228',705,,1074,87,,,0,232,,1078,87,,,0,263,,1080,87,,,0,217,,1079,87,,,0,215,,1081,87,,,0,214,,1082,87,,,0,164,,1077,87,,,0,220,,1076,87,,,0,95,,1083,87,,,0,202,,1075,87,,,0
9001,'4532',751,,1290,50,,,0,159,,1292,47,,,0,122,,1289,50,,,0,99,,1297,47,,,0,2,,1299,47,,,0,118,,1288,47,,,0,103,,1296,50,,,0,2,,1300,50,,,0,78,,1291,50,,,0,174,,1293,47,,,0,114,,1298,50,,,0,98,,1294,47,,,0,2,,1301,47,,,0,121,,1295,47,,,0,102,,1287,50,,,0,160,,1286,50,,,0
9001,'5106',636,,979,47,,,0,71,,986,50,,,0,37,,987,50,,,0,76,,988,50,,,0,29,,1004,47,,,0,61,,980,50,,,0,25,,989,50,,,0,23,,990,50,,,0,72,,991,50,,,0,27,,1001,47,,,0,71,,982,50,,,0,80,,992,47,,,0,32,,1002,50,,,0,77,,993,50,,,0,35,,1008,47,,,0,72,,999,50,,,0,15,,995,50,,,0,72,,1003,50,,,0,35,,1009,47,,,0,65,,981,50,,,0,26,,996,47,,,0,71,,994,50,,,0,17,,1006,47,,,0,34,,1000,47,,,0,67,,997,50,,,0,29,,1007,50,,,0,95,,985,50,,,0,93,,983,47,,,0,77,,1005,50,,,0,85,,998,50,,,0,100,,984,50,,,0
9001,'5224',636,,1302,47,,,0,71,,1310,50,,,0,37,,1311,50,,,0,76,,1312,50,,,0,28,,1326,47,,,0,67,,1303,50,,,0,20,,1313,50,,,0,23,,1314,50,,,0,75,,1315,50,,,0,24,,1323,47,,,0,71,,1306,50,,,0,31,,1316,47,,,0,91,,1324,50,,,0,67,,1317,50,,,0,35,,1305,47,,,0,72,,1321,50,,,0,80,,1325,50,,,0,42,,1319,47,,,0,65,,1304,50,,,0,97,,1318,50,,,0,12,,1328,47,,,0,82,,1322,47,,,0,53,,1329,50,,,0,90,,1309,50,,,0,98,,1307,47,,,0,77,,1327,50,,,0,85,,1320,50,,,0,100,,1308,50,,,0
9001,'5225',1439,,1330,50,,,0,193,,1331,47,,,0,189,,1332,50,,,0
9001,'5226',1439,,1333,50,,,0,193,,1334,47,,,0,189,,1335,50,,,0
9001,'5228',750,,1341,50,,,0,157,,1342,47,,,0,122,,1340,50,,,0,99,,1347,47,,,0,2,,1349,47,,,0,118,,1339,47,,,0,104,,1346,50,,,0,80,,1338,50,,,0,174,,1343,47,,,0,2,,1350,47,,,0,112,,1348,50,,,0,99,,1344,47,,,0,2,,1351,47,,,0,121,,1345,47,,,0,102,,1337,50,,,0,160,,1336,50,,,0
