301,'4706',658,,162,12,0,9 10,0,188,,163,12,0,9 10,0,293,,157,12,0,9 10,0,178,,161,12,0,9 10,0,123,,160,12,0,9 10,0,260,,158,12,0,9 10,0,224,,159,12,0,9 10,0
301,'4707',1735,,165,12,0,9 10,0,465,,164,12,0,9 10,0
301,'4890',1735,,166,12,0,9 10,0
301,'5009',633,,170,12,0,9 10,0,180,,174,12,0,9 10,0,124,,175,12,0,9 10,0,172,,168,12,0,9 10,0,146,,172,12,0,9 10,0,258,,169,12,0,9 10,0,204,,167,12,0,9 10,0,136,,173,12,0,9 10,0,277,,171,12,0,9 10,0
301,'5010',633,,179,12,0,9 10,0,180,,183,12,0,9 10,0,124,,184,12,0,9 10,0,172,,177,12,0,9 10,0,146,,181,12,0,9 10,0,258,,178,12,0,9 10,0,204,,176,12,0,9 10,0,136,,182,12,0,9 10,0,277,,180,12,0,9 10,0
301,'5106',658,,510,12,0,9 10,0,180,,511,12,0,9 10,0,301,,505,12,0,9 10,0,178,,509,12,0,9 10,0,123,,508,12,0,9 10,0,260,,506,12,0,9 10,0,224,,507,12,0,9 10,0
301,'5107',1735,,512,12,0,9 10,0
301,'5108',1735,,514,12,0,9 10,0,465,,513,12,0,9 10,0
301,'5109',634,,519,12,0,9 10,0,179,,522,12,0,9 10,0,124,,523,12,0,9 10,0,171,,516,12,0,9 10,0,146,,518,12,0,9 10,0,258,,517,12,0,9 10,0,205,,515,12,0,9 10,0,133,,521,12,0,9 10,0,280,,520,12,0,9 10,0
301,'5110',634,,527,12,0,9 10,0,179,,531,12,0,9 10,0,124,,532,12,0,9 10,0,170,,525,12,0,9 10,0,147,,529,12,0,9 10,0,262,,526,12,0,9 10,0,199,,524,12,0,9 10,0,135,,530,12,0,9 10,0,283,,528,12,0,9 10,0
