100,'4706',519,,11,16,,,0,81,,13,16,,,0,130,,10,16,,,0,100,,15,22,0,5 6 2,0,125,,12,16,,,0,100,,14,16,,,0,149,,16,22,0,5 6 2,0,106,,2,16,,,0,114,,17,22,0,5 6 2,0,95,,1,16,,,0,125,,3,22,0,5 6 2,0,164,,5,16,,,0,101,,6,16,,,0,121,,7,16,,,0,95,,4,16,,,0,108,,8,16,0,7 8,0,79,,9,16,,,0
100,'5009',509,,18,16,,,0,221,,19,16,,,0,221,,20,16,,,0,251,,21,16,,,0,217,,22,16,,,0,225,,23,16,,,0,164,,24,16,,,0,217,,25,16,,,0,301,,26,16,,,0
100,'5010',509,,27,16,,,0,221,,28,16,,,0,221,,29,16,,,0,251,,30,16,,,0,217,,31,16,,,0,225,,32,16,,,0,164,,33,16,,,0,217,,34,16,,,0,301,,35,16,,,0
9000,'4706',529,,211,16,,,0,28,,235,16,,,0,75,,219,16,,,0,22,,220,16,,,0,68,,212,16,,,0,27,,221,16,,,0,66,,236,16,,,0,26,,234,16,,,0,71,,222,16,,,0,29,,223,16,,,0,70,,213,16,,,0,32,,224,16,,,0,70,,232,16,,,0,37,,214,16,,,0,100,,237,16,,,0,62,,225,16,,,0,29,,233,16,,,0,103,,215,16,,,0,66,,226,16,,,0,32,,227,16,,,0,67,,231,16,,,0,25,,228,16,,,0,69,,238,16,,,0,30,,216,16,,,0,97,,239,16,,,0,90,,229,16,,,0,35,,218,16,,,0,92,,230,16,,,0,94,,217,16,,,0
9000,'4707',1225,,241,16,,,0,189,,240,16,,,0
9000,'4890',1225,,243,16,,,0,189,,242,16,,,0
9000,'5009',628,,244,16,,,0,120,,254,16,,,0,100,,245,16,,,0,161,,256,16,,,0,213,,255,16,,,0,219,,252,16,,,0,217,,251,16,,,0,150,,250,16,,,0,113,,253,16,,,0,119,,248,16,,,0
9000,'5010',628,,257,16,,,0,120,,267,16,,,0,100,,258,16,,,0,161,,269,16,,,0,213,,268,16,,,0,219,,265,16,,,0,217,,264,16,,,0,150,,263,16,,,0,113,,266,16,,,0,119,,261,16,,,0
9000,'5094',1104,,262,16,,,0,209,,259,16,,,0,225,,260,16,,,0
9000,'5098',1104,,335,16,,,0,209,,333,16,,,0,225,,334,16,,,0
9000,'5099',1104,,338,16,,,0,209,,336,16,,,0,225,,337,16,,,0
