9001,'4706',615,,270,18,,,0,31,,277,21,,,0,75,,278,21,,,0,34,,279,21,,,0,69,,295,18,,,0,24,,271,21,,,0,65,,280,21,,,0,24,,281,21,,,0,73,,282,21,,,0,27,,292,18,,,0,71,,273,21,,,0,38,,283,18,,,0,72,,293,21,,,0,35,,284,21,,,0,106,,290,21,,,0,55,,286,21,,,0,33,,294,21,,,0,99,,272,21,,,0,67,,287,18,,,0,31,,285,21,,,0,68,,297,18,,,0,24,,291,18,,,0,67,,288,21,,,0,30,,298,21,,,0,92,,276,21,,,0,96,,274,18,,,0,37,,296,21,,,0,85,,289,21,,,0,100,,275,21,,,0
9001,'4707',1327,,299,18,,,0,193,,300,18,,,0
9001,'4890',1327,,301,18,,,0,193,,302,18,,,0
9001,'5009',728,,308,21,,,0,118,,310,18,,,0,102,,307,21,,,0,159,,315,18,,,0,98,,340,18,,,0,124,,314,21,,,0,88,,339,21,,,0,128,,311,18,,,0,89,,341,21,,,0,168,,312,18,,,0,124,,313,18,,,0,97,,304,21,,,0,120,,303,21,,,0
9001,'5010',728,,321,21,,,0,118,,323,18,,,0,102,,320,21,,,0,159,,328,18,,,0,98,,343,18,,,0,124,,327,21,,,0,88,,342,21,,,0,128,,324,18,,,0,89,,344,21,,,0,168,,325,18,,,0,124,,326,18,,,0,97,,317,21,,,0,120,,316,21,,,0
9001,'5106',615,,625,18,,,0,31,,632,21,,,0,75,,633,21,,,0,34,,634,21,,,0,69,,650,18,,,0,24,,626,21,,,0,65,,635,21,,,0,24,,636,21,,,0,73,,637,21,,,0,27,,647,18,,,0,71,,628,21,,,0,38,,638,18,,,0,72,,648,21,,,0,35,,639,21,,,0,106,,645,21,,,0,55,,641,21,,,0,33,,649,21,,,0,99,,627,21,,,0,67,,642,18,,,0,31,,640,21,,,0,58,,652,18,,,0,34,,646,18,,,0,67,,643,21,,,0,30,,653,21,,,0,95,,631,21,,,0,93,,629,18,,,0,37,,651,21,,,0,85,,644,21,,,0,100,,630,21,,,0
9001,'5107',1327,,654,18,,,0,193,,655,18,,,0
9001,'5108',1327,,656,18,,,0,193,,657,18,,,0
9001,'5109',729,,663,21,,,0,118,,665,18,,,0,101,,662,21,,,0,159,,670,18,,,0,2,,671,18,,,0,98,,661,18,,,0,122,,669,21,,,0,2,,672,21,,,0,88,,660,21,,,0,124,,666,18,,,0,91,,664,21,,,0,168,,667,18,,,0,2,,673,18,,,0,122,,668,18,,,0,97,,659,21,,,0,120,,658,21,,,0
9001,'5110',729,,679,21,,,0,118,,681,18,,,0,101,,678,21,,,0,159,,686,18,,,0,2,,687,18,,,0,98,,677,18,,,0,122,,685,21,,,0,90,,676,21,,,0,124,,682,18,,,0,5,,689,18,,,0,86,,680,21,,,0,70,,690,21,,,0,98,,683,18,,,0,2,,688,18,,,0,122,,684,18,,,0,97,,675,21,,,0,120,,674,21,,,0
