201,'4706',530,,81,3,,,0,127,,84,3,,,0,70,,76,3,,,0,81,,77,3,,,0,98,,75,3,,,0,206,,79,3,,,0,39,,80,3,,,0,83,,87,3,,,0,105,,82,3,,,0,102,,83,3,,,0,76,,74,3,,,0,200,,73,3,,,0,119,,71,3,,,0,181,,72,3,,,0,386,,88,3,,,0
201,'4707',1747,,91,3,,,0,461,,89,3,,,0,117,,90,3,,,0
201,'4890',1747,,92,3,,,0
201,'5009',555,,103,3,,,0,87,,106,3,,,0,168,,95,3,,,0,49,,97,3,,,0,157,,329,3,,,0,102,,110,3,,,0,94,,98,3,,,0,95,,99,3,,,0,123,,108,3,,,0,72,,330,3,,,0,123,,101,3,,,0,108,,109,3,,,0,102,,104,3,,,0,165,,105,3,,,0,52,,102,3,,,0,87,,93,3,,,0
201,'5010',555,,121,3,,,0,87,,124,3,,,0,168,,113,3,,,0,49,,115,3,,,0,157,,331,3,,,0,102,,128,3,,,0,94,,116,3,,,0,95,,117,3,,,0,123,,126,3,,,0,72,,332,3,,,0,123,,119,3,,,0,108,,127,3,,,0,102,,122,3,,,0,165,,123,3,,,0,52,,120,3,,,0,87,,111,3,,,0
201,'5106',530,,429,3,,,0,127,,432,3,,,0,70,,424,3,,,0,73,,425,3,,,0,106,,423,3,,,0,206,,427,3,,,0,39,,428,3,,,0,83,,435,3,,,0,105,,430,3,,,0,97,,431,3,,,0,76,,422,3,,,0,203,,421,3,,,0,116,,420,3,,,0,181,,419,3,,,0,391,,436,3,,,0
201,'5107',1747,,437,3,,,0
201,'5108',1747,,440,3,,,0,461,,438,3,,,0,117,,439,3,,,0
201,'5109',555,,451,3,,,0,87,,454,3,,,0,168,,443,3,,,0,49,,445,3,,,0,173,,444,3,,,0,86,,458,3,,,0,94,,446,3,,,0,95,,447,3,,,0,123,,456,3,,,0,29,,448,3,,,0,166,,449,3,,,0,107,,457,3,,,0,103,,452,3,,,0,172,,453,3,,,0,35,,450,3,,,0,97,,441,3,,,0
201,'5110',555,,469,3,,,0,87,,472,3,,,0,169,,461,3,,,0,92,,463,3,,,0,129,,462,3,,,0,83,,476,3,,,0,97,,464,3,,,0,102,,465,3,,,0,116,,474,3,,,0,72,,466,3,,,0,121,,467,3,,,0,113,,475,3,,,0,99,,470,3,,,0,173,,471,3,,,0,35,,468,3,,,0,99,,459,3,,,0
301,'4706',700,,162,13,0,9 10,0,148,,163,13,0,9 10,0,294,,157,13,0,9 10,0,178,,161,13,0,9 10,0,123,,160,13,0,9 10,0,259,,158,13,0,9 10,0,224,,159,13,0,9 10,0
301,'4707',1737,,165,13,0,9 10,0,466,,164,13,0,9 10,0
301,'4890',1737,,166,13,0,9 10,0
301,'5009',635,,170,13,0,9 10,0,180,,174,13,0,9 10,0,124,,175,13,0,9 10,0,172,,168,13,0,9 10,0,146,,172,13,0,9 10,0,258,,169,13,0,9 10,0,204,,167,13,0,9 10,0,136,,173,13,0,9 10,0,277,,171,13,0,9 10,0
301,'5010',635,,179,13,0,9 10,0,180,,183,13,0,9 10,0,124,,184,13,0,9 10,0,172,,177,13,0,9 10,0,146,,181,13,0,9 10,0,258,,178,13,0,9 10,0,204,,176,13,0,9 10,0,136,,182,13,0,9 10,0,277,,180,13,0,9 10,0
301,'5106',700,,510,13,0,9 10,0,140,,511,13,0,9 10,0,302,,505,13,0,9 10,0,178,,509,13,0,9 10,0,123,,508,13,0,9 10,0,259,,506,13,0,9 10,0,224,,507,13,0,9 10,0
301,'5107',1737,,512,13,0,9 10,0
301,'5108',1737,,514,13,0,9 10,0,466,,513,13,0,9 10,0
301,'5109',636,,519,13,0,9 10,0,179,,522,13,0,9 10,0,124,,523,13,0,9 10,0,171,,516,13,0,9 10,0,146,,518,13,0,9 10,0,258,,517,13,0,9 10,0,205,,515,13,0,9 10,0,133,,521,13,0,9 10,0,280,,520,13,0,9 10,0
301,'5110',636,,527,13,0,9 10,0,179,,531,13,0,9 10,0,124,,532,13,0,9 10,0,170,,525,13,0,9 10,0,147,,529,13,0,9 10,0,262,,526,13,0,9 10,0,199,,524,13,0,9 10,0,135,,530,13,0,9 10,0,283,,528,13,0,9 10,0
400,'4706',557,,187,3,,,0,164,,188,3,,,0,236,,189,3,,,0,260,,190,3,,,0,115,,191,3,,,0,410,,186,3,,,0,185,,185,3,,,0
400,'4707',1621,,193,3,,,0,615,,192,3,,,0
400,'4890',1621,,194,3,,,0
400,'5009',707,,202,3,,,0,241,,197,3,,,0,160,,196,3,,,0,209,,199,3,,,0,207,,198,3,,,0,226,,200,3,,,0,161,,201,3,,,0,303,,195,3,,,0
400,'5010',707,,210,3,,,0,241,,205,3,,,0,160,,204,3,,,0,209,,207,3,,,0,207,,206,3,,,0,226,,208,3,,,0,161,,209,3,,,0,303,,203,3,,,0
400,'5106',557,,535,3,,,0,164,,536,3,,,0,236,,537,3,,,0,260,,538,3,,,0,115,,539,3,,,0,410,,534,3,,,0,180,,533,3,,,0
400,'5107',1621,,540,3,,,0
400,'5108',1621,,542,3,,,0,615,,541,3,,,0
400,'5109',707,,550,3,,,0,241,,545,3,,,0,162,,544,3,,,0,207,,547,3,,,0,205,,546,3,,,0,225,,548,3,,,0,166,,549,3,,,0,301,,543,3,,,0
400,'5110',707,,558,3,,,0,241,,553,3,,,0,160,,552,3,,,0,206,,555,3,,,0,213,,554,3,,,0,223,,556,3,,,0,163,,557,3,,,0,301,,551,3,,,0
