201,'4822',450,,771,1,,,0,157,,767,17,,,0,1,,758,1,,,0,46,,770,17,,,0,169,,759,17,,,0,92,,761,17,,,0,129,,760,17,,,0,83,,774,17,,,0,97,,762,17,,,0,103,,763,17,,,0,116,,772,17,,,0,72,,764,17,,,0,120,,765,17,,,0,113,,773,17,,,0,99,,768,17,,,0,173,,769,17,,,0,35,,766,17,,,0,98,,757,17,,,0
201,'4826',450,,786,1,,,0,157,,783,17,,,0,1,,776,1,,,0,46,,785,17,,,0,168,,777,17,,,0,89,,779,17,,,0,133,,778,17,,,0,86,,789,17,,,0,94,,780,17,,,0,96,,781,17,,,0,123,,787,17,,,0,69,,782,17,,,0,125,,449,17,,,0,107,,788,17,,,0,103,,784,17,,,0,172,,453,17,,,0,35,,450,17,,,0,96,,775,17,,,0
201,'4967',1800,,792,17,,,0,419,,790,17,,,0,117,,791,17,,,0
201,'5106',1125,,430,17,,,0,122,,438,17,,,0,203,,434,17,,,0
201,'5315',501,,429,1,,,0,9,,436,1,,,0,31,,432,17,,,0,71,,437,1,,,0,97,,435,17,,,0,30,,427,17,,,0,73,,428,17,,,0,106,,426,17,,,0,286,,431,17,,,0,148,,433,17,,,0,174,,425,17,,,0,202,,424,17,,,0,72,,440,17,,,0,43,,423,17,,,0,180,,422,17,,,0,391,,439,17,4,,0
201,'5316',501,,800,1,,,0,9,,805,1,,,0,31,,802,17,,,0,71,,806,1,,,0,97,,804,17,,,0,30,,798,17,,,0,73,,799,17,,,0,106,,797,17,,,0,286,,801,17,,,0,148,,803,17,,,0,174,,796,17,,,0,202,,795,17,,,0,115,,794,17,,,0,180,,793,17,,,0,391,,807,17,4,,0
201,'5317',1800,,808,17,,,0
400,'4822',712,,864,10,,,0,242,,859,10,,,0,159,,858,10,,,0,206,,861,10,,,0,214,,860,10,,,0,222,,862,10,,,0,163,,863,10,,,0,302,,857,10,,,0
400,'4826',712,,870,10,,,0,241,,867,10,,,0,162,,866,10,,,0,207,,869,10,,,0,206,,868,10,,,0,224,,548,10,,,0,166,,549,10,,,0,302,,865,10,,,0
400,'4967',1626,,872,10,,,0,617,,871,14,,,0
400,'5106',602,,537,10,,,0,124,,538,10,,,0,276,,539,10,,,0
400,'5315',1222,,540,10,,,0,115,,541,10,,,0,289,,542,10,,,0,121,,536,10,,,0,180,,535,10,,,0
400,'5316',1222,,875,10,,,0,115,,876,10,,,0,410,,874,10,,,0,180,,873,10,,,0
400,'5317',1626,,877,10,,,0
