100,'4706',602,,11,84,,,0,41,,13,84,,,0,174,,10,84,,,0,100,,15,90,0,5 6 2,0,125,,12,84,,,0,100,,14,84,,,0,110,,16,90,0,5 6 2,0,105,,2,84,,,0,155,,17,90,0,5 6 2,0,95,,1,84,,,0,125,,3,90,0,5 6 2,0,124,,5,84,,,0,100,,6,84,,,0,161,,7,84,,,0,95,,4,84,,,0,146,,9,84,,,0
100,'5009',552,,18,84,,,0,265,,19,84,,,0,221,,20,84,,,0,211,,21,84,,,0,258,,22,84,,,0,225,,23,84,,,0,124,,24,84,,,0,256,,25,84,,,0,300,,26,84,,,0
100,'5010',552,,27,84,,,0,265,,28,84,,,0,221,,29,84,,,0,211,,30,84,,,0,258,,31,84,,,0,225,,32,84,,,0,124,,33,84,,,0,256,,34,84,,,0,300,,35,84,,,0
100,'5106',602,,355,84,,,0,41,,357,84,,,0,174,,354,84,,,0,100,,359,90,0,5 6 2,0,120,,356,84,,,0,105,,358,84,,,0,110,,360,90,0,5 6 2,0,105,,346,84,,,0,155,,361,90,0,5 6 2,0,115,,345,84,,,0,105,,347,90,0,5 6 2,0,119,,349,84,,,0,100,,350,84,,,0,166,,351,84,,,0,90,,348,84,,,0,151,,353,84,,,0
100,'5109',554,,362,84,,,0,264,,363,84,,,0,223,,364,84,,,0,211,,365,84,,,0,257,,366,84,,,0,224,,367,84,,,0,123,,368,84,,,0,255,,369,84,,,0,95,,371,84,,,0,205,,370,84,,,0
100,'5110',554,,372,84,,,0,264,,373,84,,,0,223,,374,84,,,0,211,,375,84,,,0,257,,376,84,,,0,224,,377,84,,,0,118,,378,84,,,0,260,,379,84,,,0,95,,381,84,,,0,205,,380,84,,,0
9000,'4706',622,,235,50,,,0,98,,220,50,,,0,29,,212,50,,,0,161,,234,50,,,0,30,,222,50,,,0,170,,224,50,,,0,30,,232,50,,,0,179,,237,50,,,0,22,,225,50,,,0,70,,233,50,,,0,130,,226,50,,,0,98,,231,50,,,0,65,,228,50,,,0,98,,216,50,,,0,145,,229,50,,,0,75,,218,50,,,0,185,,217,50,,,0
9000,'5009',653,,244,50,,,0,163,,254,50,,,0,220,,256,50,,,0,95,,335,50,,,0,120,,255,50,,,0,260,,252,50,,,0,326,,250,50,,,0,270,,248,50,,,0
9000,'5010',653,,257,50,,,0,163,,267,50,,,0,220,,269,50,,,0,95,,338,50,,,0,120,,268,50,,,0,260,,265,50,,,0,326,,263,50,,,0,270,,261,50,,,0
9000,'5106',622,,583,50,,,0,98,,568,50,,,0,29,,560,50,,,0,161,,582,50,,,0,30,,570,50,,,0,170,,572,50,,,0,30,,580,50,,,0,179,,585,50,,,0,22,,573,50,,,0,70,,581,50,,,0,130,,574,50,,,0,91,,579,50,,,0,72,,576,50,,,0,98,,564,50,,,0,145,,577,50,,,0,75,,566,50,,,0,185,,565,50,,,0
9000,'5109',654,,592,50,,,0,158,,602,50,,,0,215,,605,50,,,0,10,,604,50,,,0,95,,597,50,,,0,110,,606,50,,,0,11,,603,50,,,0,259,,600,50,,,0,330,,598,50,,,0,265,,596,50,,,0
9000,'5110',654,,608,50,,,0,158,,618,50,,,0,215,,621,50,,,0,10,,620,50,,,0,95,,613,50,,,0,120,,619,50,,,0,250,,616,50,,,0,10,,623,50,,,0,332,,614,50,,,0,263,,612,50,,,0
