100,'4706',536,,11,46,,,0,81,,13,46,,,0,132,,10,46,,,0,99,,15,52,0,5 6 2,0,166,,12,46,,,0,100,,14,46,,,0,108,,16,52,0,5 6 2,0,107,,2,46,,,0,113,,17,52,0,5 6 2,0,96,,1,46,,,0,165,,3,52,0,5 6 2,0,125,,5,46,,,0,100,,6,46,,,0,121,,7,46,,,0,95,,4,46,,,0,108,,8,46,0,7 8,0,78,,9,46,,,0
100,'5010',526,,27,46,,,0,223,,28,46,,,0,261,,29,46,,,0,211,,30,46,,,0,217,,31,46,,,0,265,,32,46,,,0,125,,33,46,,,0,216,,34,46,,,0,300,,35,46,,,0
100,'5106',536,,355,46,,,0,81,,357,46,,,0,132,,354,46,,,0,99,,359,52,0,5 6 2,0,161,,356,46,,,0,105,,358,46,,,0,108,,360,52,0,5 6 2,0,107,,346,46,,,0,113,,361,52,0,5 6 2,0,116,,345,46,,,0,145,,347,52,0,5 6 2,0,119,,349,46,,,0,101,,350,46,,,0,126,,351,46,,,0,90,,348,46,,,0,113,,352,46,0,7 8,0,78,,353,46,,,0
100,'5109',527,,362,46,,,0,223,,363,46,,,0,262,,364,46,,,0,211,,365,46,,,0,217,,366,46,,,0,264,,367,46,,,0,124,,368,46,,,0,217,,369,46,,,0,95,,371,46,,,0,205,,370,46,,,0
100,'5110',527,,372,46,,,0,223,,373,46,,,0,262,,374,46,,,0,211,,375,46,,,0,217,,376,46,,,0,264,,377,46,,,0,119,,378,46,,,0,222,,379,46,,,0,95,,381,46,,,0,205,,380,46,,,0
9000,'4706',540,,211,32,,,0,68,,235,32,,,0,35,,219,32,,,0,62,,220,32,,,0,29,,212,32,,,0,67,,221,32,,,0,26,,236,32,,,0,26,,234,32,,,0,71,,222,32,,,0,28,,223,32,,,0,70,,213,32,,,0,32,,224,32,,,0,70,,232,32,,,0,77,,214,32,,,0,36,,243,32,,,0,65,,237,32,,,0,22,,225,32,,,0,30,,233,32,,,0,73,,242,32,,,0,30,,215,32,,,0,66,,226,32,,,0,32,,227,32,,,0,67,,231,32,,,0,25,,228,32,,,0,69,,238,32,,,0,29,,216,32,,,0,97,,239,32,,,0,89,,229,32,,,0,75,,218,32,,,0,52,,230,32,,,0,94,,217,32,,,0
9000,'4967',1237,,560,32,,,0,190,,559,32,,,0
9000,'5010',639,,257,32,,,0,161,,267,32,,,0,100,,258,32,,,0,120,,269,32,,,0,95,,338,32,,,0,119,,268,32,,,0,91,,336,32,,,0,129,,265,32,,,0,97,,337,32,,,0,160,,264,32,,,0,109,,263,32,,,0,112,,266,32,,,0,119,,261,32,,,0
9000,'5106',540,,561,32,,,0,68,,585,32,,,0,35,,569,32,,,0,62,,570,32,,,0,29,,562,32,,,0,67,,571,32,,,0,26,,586,32,,,0,26,,584,32,,,0,71,,572,32,,,0,28,,573,32,,,0,70,,563,32,,,0,32,,574,32,,,0,70,,582,32,,,0,77,,564,32,,,0,101,,587,32,,,0,22,,575,32,,,0,30,,583,32,,,0,103,,565,32,,,0,66,,576,32,,,0,32,,577,32,,,0,60,,581,32,,,0,32,,578,32,,,0,69,,588,32,,,0,29,,566,32,,,0,92,,589,32,,,0,94,,579,32,,,0,75,,568,32,,,0,52,,580,32,,,0,94,,567,32,,,0
9000,'5107',1237,,591,32,,,0,190,,590,32,,,0
9000,'5109',640,,592,32,,,0,118,,602,32,,,0,144,,593,32,,,0,110,,605,32,,,0,10,,604,32,,,0,95,,597,32,,,0,110,,606,32,,,0,11,,603,32,,,0,88,,594,32,,,0,128,,600,32,,,0,96,,595,32,,,0,156,,607,32,,,0,10,,599,32,,,0,109,,598,32,,,0,107,,601,32,,,0,119,,596,32,,,0
9000,'5110',640,,608,32,,,0,118,,618,32,,,0,144,,609,32,,,0,110,,621,32,,,0,10,,620,32,,,0,95,,613,32,,,0,120,,619,32,,,0,89,,610,32,,,0,118,,616,32,,,0,10,,623,32,,,0,97,,611,32,,,0,65,,624,32,,,0,90,,622,32,,,0,10,,615,32,,,0,111,,614,32,,,0,105,,617,32,,,0,119,,612,32,,,0
