201,'4706',539,,81,14,,,0,168,,84,14,,,0,30,,76,14,,,0,81,,77,14,,,0,98,,75,14,,,0,207,,79,14,,,0,79,,80,14,,,0,43,,87,14,,,0,105,,82,14,,,0,103,,83,14,,,0,76,,74,14,,,0,199,,73,14,,,0,118,,71,14,,,0,180,,72,14,,,0,386,,88,14,,,0
201,'4707',1758,,91,14,,,0,459,,89,14,,,0,117,,90,14,,,0
201,'4890',1758,,92,14,,,0
201,'5009',604,,103,14,,,0,48,,106,14,,,0,168,,95,14,,,0,89,,97,14,,,0,118,,329,14,,,0,102,,110,14,,,0,94,,98,14,,,0,95,,99,14,,,0,124,,108,14,,,0,72,,330,14,,,0,122,,101,14,,,0,108,,109,14,,,0,101,,104,14,,,0,164,,105,14,,,0,92,,102,14,,,0,47,,93,14,,,0
201,'5010',604,,121,14,,,0,48,,124,14,,,0,168,,113,14,,,0,89,,115,14,,,0,118,,331,14,,,0,102,,128,14,,,0,94,,116,14,,,0,95,,117,14,,,0,124,,126,14,,,0,72,,332,14,,,0,122,,119,14,,,0,108,,127,14,,,0,101,,122,14,,,0,164,,123,14,,,0,92,,120,14,,,0,47,,111,14,,,0
201,'5106',539,,429,14,,,0,168,,432,14,,,0,30,,424,14,,,0,73,,425,14,,,0,106,,423,14,,,0,207,,427,14,,,0,79,,428,14,,,0,43,,435,14,,,0,105,,430,14,,,0,98,,431,14,,,0,76,,422,14,,,0,202,,421,14,,,0,115,,420,14,,,0,180,,419,14,,,0,391,,436,14,,,0
201,'5107',1758,,437,14,,,0
201,'5108',1758,,440,14,,,0,459,,438,14,,,0,117,,439,14,,,0
201,'5109',605,,451,14,,,0,47,,454,14,,,0,168,,443,14,,,0,89,,445,14,,,0,133,,444,14,,,0,86,,458,14,,,0,94,,446,14,,,0,96,,447,14,,,0,123,,456,14,,,0,69,,448,14,,,0,125,,449,14,,,0,107,,457,14,,,0,103,,452,14,,,0,172,,453,14,,,0,35,,450,14,,,0,96,,441,14,,,0
201,'5110',605,,469,14,,,0,47,,472,14,,,0,169,,461,14,,,0,92,,463,14,,,0,129,,462,14,,,0,83,,476,14,,,0,97,,464,14,,,0,103,,465,14,,,0,116,,474,14,,,0,72,,466,14,,,0,120,,467,14,,,0,113,,475,14,,,0,99,,470,14,,,0,173,,471,14,,,0,35,,468,14,,,0,98,,459,14,,,0
400,'4707',2242,,192,11,,,0
400,'5108',2242,,541,11,,,0
