101,'4532',659,,1047,78,,,0,274,,1051,78,,,0,223,,1053,78,,,0,260,,1052,78,,,0,213,,1054,78,,,0,214,,1055,78,,,0,163,,1050,78,,,0,220,,1049,78,,,0,95,,1056,78,,,0,203,,1048,78,,,0
101,'5106',715,,751,78,,,0,44,,755,84,,,0,174,,752,78,,,0,114,,753,78,,,0,106,,754,78,,,0,148,,756,84,,,0,114,,398,78,,,0,117,,397,84,,,0,97,,743,78,,,0,121,,744,84,,,0,95,,384,78,,,0,160,,745,78,,,0,100,,746,78,,,0,120,,747,78,,,0,99,,748,78,,,0,28,,749,58,,,0,173,,750,78,,,0
101,'5224',715,,1066,78,,,0,44,,1070,84,,,0,174,,1067,78,,,0,119,,1068,78,,,0,101,,1069,78,,,0,164,,1071,84,,,0,98,,1073,78,,,0,112,,1072,84,,,0,102,,1057,78,,,0,116,,1058,84,,,0,95,,1059,78,,,0,165,,1060,78,,,0,100,,1061,78,,,0,120,,1062,78,,,0,99,,1063,78,,,0,28,,1064,58,,,0,173,,1065,78,,,0
101,'5228',659,,1074,78,,,0,272,,1078,78,,,0,223,,1080,78,,,0,257,,1079,78,,,0,215,,1081,78,,,0,214,,1082,78,,,0,164,,1077,78,,,0,220,,1076,78,,,0,95,,1083,78,,,0,203,,1075,78,,,0
9001,'4532',743,,1290,41,,,0,159,,1292,38,,,0,121,,1289,41,,,0,99,,1297,38,,,0,2,,1299,38,,,0,118,,1288,38,,,0,103,,1296,41,,,0,2,,1300,41,,,0,78,,1291,41,,,0,134,,1293,38,,,0,155,,1298,41,,,0,98,,1294,38,,,0,2,,1301,38,,,0,121,,1295,38,,,0,102,,1287,41,,,0,120,,1286,41,,,0
9001,'5106',629,,979,38,,,0,71,,986,41,,,0,36,,987,41,,,0,75,,988,41,,,0,29,,1004,38,,,0,63,,980,41,,,0,25,,989,41,,,0,23,,990,41,,,0,72,,991,41,,,0,27,,1001,38,,,0,71,,982,41,,,0,38,,992,38,,,0,72,,1002,41,,,0,77,,993,41,,,0,35,,1008,38,,,0,72,,999,41,,,0,15,,995,41,,,0,72,,1003,41,,,0,35,,1009,38,,,0,65,,981,41,,,0,26,,996,38,,,0,31,,994,41,,,0,58,,1006,38,,,0,34,,1000,38,,,0,67,,997,41,,,0,30,,1007,41,,,0,95,,985,41,,,0,93,,983,38,,,0,77,,1005,41,,,0,45,,998,41,,,0,100,,984,41,,,0
9001,'5224',629,,1302,38,,,0,71,,1310,41,,,0,36,,1311,41,,,0,75,,1312,41,,,0,28,,1326,38,,,0,69,,1303,41,,,0,20,,1313,41,,,0,23,,1314,41,,,0,75,,1315,41,,,0,24,,1323,38,,,0,71,,1306,41,,,0,29,,1316,38,,,0,91,,1324,41,,,0,67,,1317,41,,,0,35,,1305,38,,,0,72,,1321,41,,,0,40,,1325,41,,,0,82,,1319,38,,,0,65,,1304,41,,,0,57,,1318,41,,,0,53,,1328,38,,,0,42,,1322,38,,,0,94,,1329,41,,,0,90,,1309,41,,,0,98,,1307,38,,,0,77,,1327,41,,,0,45,,1320,41,,,0,100,,1308,41,,,0
9001,'5225',1430,,1330,41,,,0,193,,1331,38,,,0,190,,1332,41,,,0
9001,'5226',1430,,1333,41,,,0,193,,1334,38,,,0,190,,1335,41,,,0
9001,'5228',743,,1341,41,,,0,157,,1342,38,,,0,122,,1340,41,,,0,99,,1347,38,,,0,2,,1349,38,,,0,118,,1339,38,,,0,103,,1346,41,,,0,80,,1338,41,,,0,134,,1343,38,,,0,42,,1350,38,,,0,112,,1348,41,,,0,99,,1344,38,,,0,2,,1351,38,,,0,122,,1345,38,,,0,102,,1337,41,,,0,120,,1336,41,,,0
