400,'4706',633,,187,49,,,0,125,,188,49,,,0,275,,189,49,,,0,220,,190,49,,,0,155,,191,49,,,0,410,,186,49,,,0,185,,185,49,,,0
400,'4707',1656,,193,49,,,0,658,,192,53,,,0
400,'4890',1656,,194,49,,,0
400,'5009',745,,202,49,,,0,281,,197,49,,,0,120,,196,49,,,0,209,,199,49,,,0,250,,198,49,,,0,222,,200,49,,,0,122,,201,49,,,0,305,,195,49,,,0
400,'5010',745,,210,49,,,0,281,,205,49,,,0,120,,204,49,,,0,209,,207,49,,,0,250,,206,49,,,0,222,,208,49,,,0,122,,209,49,,,0,305,,203,49,,,0
400,'5106',633,,535,49,,,0,125,,536,49,,,0,275,,537,49,,,0,220,,538,49,,,0,155,,539,49,,,0,410,,534,49,,,0,140,,533,49,,,0
400,'5107',1656,,540,49,,,0
400,'5108',1656,,542,49,,,0,658,,541,53,,,0
400,'5109',743,,550,49,,,0,283,,545,49,,,0,122,,544,49,,,0,208,,547,49,,,0,245,,546,49,,,0,224,,548,49,,,0,125,,549,49,,,0,301,,543,49,,,0
400,'5110',743,,558,49,,,0,284,,553,49,,,0,119,,552,49,,,0,208,,555,49,,,0,252,,554,49,,,0,222,,556,49,,,0,122,,557,49,,,0,301,,551,49,,,0
