100,'4706',553,,11,72,,,0,81,,13,72,,,0,173,,10,72,,,0,100,,15,78,0,5 6 2,0,125,,12,72,,,0,100,,14,72,,,0,110,,16,78,0,5 6 2,0,105,,2,72,,,0,155,,17,78,0,5 6 2,0,54,,1,72,,,0,166,,3,78,0,5 6 2,0,124,,5,72,,,0,100,,6,72,,,0,161,,7,72,,,0,95,,4,72,,,0,146,,9,72,,,0
100,'5009',543,,18,72,,,0,264,,19,72,,,0,221,,20,72,,,0,211,,21,72,,,0,217,,22,72,,,0,265,,23,72,,,0,125,,24,72,,,0,256,,25,72,,,0,300,,26,72,,,0
100,'5010',543,,27,72,,,0,264,,28,72,,,0,221,,29,72,,,0,211,,30,72,,,0,217,,31,72,,,0,265,,32,72,,,0,125,,33,72,,,0,256,,34,72,,,0,300,,35,72,,,0
100,'5106',553,,355,72,,,0,81,,357,72,,,0,173,,354,72,,,0,100,,359,78,0,5 6 2,0,120,,356,72,,,0,105,,358,72,,,0,110,,360,78,0,5 6 2,0,105,,346,72,,,0,155,,361,78,0,5 6 2,0,114,,345,72,,,0,106,,347,78,0,5 6 2,0,118,,349,72,,,0,101,,350,72,,,0,166,,351,72,,,0,50,,348,72,,,0,191,,353,72,,,0
100,'5109',544,,362,72,,,0,264,,363,72,,,0,223,,364,72,,,0,211,,365,72,,,0,217,,366,72,,,0,264,,367,72,,,0,123,,368,72,,,0,256,,369,72,,,0,55,,371,72,,,0,245,,370,72,,,0
100,'5110',544,,372,72,,,0,264,,373,72,,,0,223,,374,72,,,0,211,,375,72,,,0,217,,376,72,,,0,264,,377,72,,,0,118,,378,72,,,0,261,,379,72,,,0,55,,381,72,,,0,245,,380,72,,,0
101,'4706',634,,45,22,,,0,82,,49,22,,,0,135,,46,22,,,0,154,,47,22,,,0,110,,48,22,,,0,99,,50,22,,,0,116,,52,22,,,0,115,,51,22,,,0,100,,36,22,,,0,95,,37,22,,,0,165,,38,22,,,0,125,,39,22,,,0,100,,40,22,,,0,115,,41,22,,,0,100,,42,22,,,0,68,,43,2,,,0,133,,44,22,,,0
101,'5009',619,,53,22,,,0,232,,57,22,,,0,260,,59,22,,,0,219,,58,22,,,0,215,,60,22,,,0,260,,61,22,,,0,125,,56,22,,,0,215,,55,22,,,0,300,,54,22,,,0
101,'5010',619,,62,22,,,0,232,,66,22,,,0,260,,68,22,,,0,219,,67,22,,,0,215,,69,22,,,0,260,,70,22,,,0,125,,65,22,,,0,215,,64,22,,,0,300,,63,22,,,0
101,'5106',634,,391,22,,,0,82,,395,22,,,0,135,,392,22,,,0,154,,393,22,,,0,105,,394,22,,,0,104,,396,22,,,0,116,,398,22,,,0,115,,397,22,,,0,100,,382,22,,,0,160,,383,22,,,0,100,,384,22,,,0,120,,385,22,,,0,100,,386,22,,,0,120,,387,22,,,0,100,,388,22,,,0,68,,389,2,,,0,133,,390,22,,,0
101,'5109',619,,399,22,,,0,232,,403,22,,,0,261,,405,22,,,0,220,,404,22,,,0,214,,406,22,,,0,260,,407,22,,,0,125,,402,22,,,0,215,,401,22,,,0,95,,408,22,,,0,204,,400,22,,,0
101,'5110',619,,409,22,,,0,232,,413,22,,,0,261,,415,22,,,0,220,,414,22,,,0,214,,416,22,,,0,260,,417,22,,,0,125,,412,22,,,0,215,,411,22,,,0,95,,418,22,,,0,204,,410,22,,,0
