101,'4822',701,,724,80,,,0,233,,728,80,,,0,224,,730,80,,,0,260,,729,80,,,0,212,,731,80,,,0,220,,732,80,,,0,163,,727,80,,,0,215,,726,80,,,0,95,,733,80,,,0,202,,725,80,,,0
101,'4826',701,,734,80,,,0,233,,738,80,,,0,224,,740,80,,,0,260,,739,80,,,0,212,,741,80,,,0,220,,742,80,,,0,163,,737,80,,,0,215,,736,80,,,0,95,,408,80,,,0,202,,735,80,,,0
101,'5106',1416,,398,80,,,0,117,,397,86,,,0,314,,384,80,,,0
101,'5315',716,,391,80,,,0,84,,395,86,,,0,135,,392,80,,,0,114,,393,80,,,0,105,,394,80,,,0,148,,396,86,,,0,328,,382,80,,,0,121,,383,86,,,0,256,,385,80,,,0,100,,386,80,,,0,119,,387,80,,,0,99,,388,80,,,0,28,,389,60,,,0,173,,390,80,,,0
101,'5316',716,,751,80,,,0,84,,755,86,,,0,135,,752,80,,,0,114,,753,80,,,0,105,,754,80,,,0,148,,756,86,,,0,328,,743,80,,,0,121,,744,86,,,0,256,,745,80,,,0,100,,746,80,,,0,119,,747,80,,,0,99,,748,80,,,0,28,,749,60,,,0,173,,750,80,,,0
9001,'4822',745,,949,43,,,0,159,,951,40,,,0,101,,948,43,,,0,119,,956,40,,,0,2,,957,40,,,0,98,,947,40,,,0,123,,955,43,,,0,90,,946,43,,,0,164,,952,40,,,0,4,,959,40,,,0,46,,950,43,,,0,70,,960,43,,,0,98,,953,40,,,0,2,,958,40,,,0,121,,954,40,,,0,97,,945,43,,,0,120,,944,43,,,0
9001,'4826',745,,966,43,,,0,159,,968,40,,,0,101,,965,43,,,0,119,,973,40,,,0,2,,974,40,,,0,98,,964,40,,,0,123,,972,43,,,0,2,,975,43,,,0,88,,963,43,,,0,164,,969,40,,,0,50,,967,43,,,0,168,,970,40,,,0,2,,976,40,,,0,121,,971,40,,,0,97,,962,43,,,0,120,,961,43,,,0
9001,'4967',1345,,977,40,,,0,194,,978,40,,,0
9001,'5315',631,,627,40,,,0,71,,634,43,,,0,36,,635,43,,,0,75,,636,43,,,0,29,,652,40,,,0,63,,628,43,,,0,25,,637,43,,,0,23,,638,43,,,0,72,,639,43,,,0,27,,649,40,,,0,71,,630,43,,,0,78,,640,40,,,0,32,,650,43,,,0,77,,641,43,,,0,35,,656,40,,,0,72,,647,43,,,0,15,,643,43,,,0,72,,651,43,,,0,35,,657,40,,,0,65,,629,43,,,0,26,,644,40,,,0,71,,642,43,,,0,18,,654,40,,,0,34,,648,40,,,0,67,,645,43,,,0,30,,655,43,,,0,95,,633,43,,,0,93,,631,40,,,0,77,,653,43,,,0,85,,646,43,,,0,100,,632,43,,,0
9001,'5316',631,,979,40,,,0,71,,986,43,,,0,36,,987,43,,,0,75,,988,43,,,0,29,,1004,40,,,0,63,,980,43,,,0,25,,989,43,,,0,23,,990,43,,,0,72,,991,43,,,0,27,,1001,40,,,0,71,,982,43,,,0,78,,992,40,,,0,32,,1002,43,,,0,77,,993,43,,,0,107,,999,43,,,0,15,,995,43,,,0,72,,1003,43,,,0,100,,981,43,,,0,26,,996,40,,,0,71,,994,43,,,0,18,,1006,40,,,0,34,,1000,40,,,0,67,,997,43,,,0,30,,1007,43,,,0,95,,985,43,,,0,93,,983,40,,,0,77,,1005,43,,,0,85,,998,43,,,0,100,,984,43,,,0
9001,'5317',1345,,1008,40,,,0,194,,1009,40,,,0
