100,'4706',550,,11,64,,,0,81,,13,64,,,0,172,,10,64,,,0,100,,15,70,0,5 6 2,0,125,,12,64,,,0,100,,14,64,,,0,110,,16,70,0,5 6 2,0,105,,2,64,,,0,115,,17,70,0,5 6 2,0,94,,1,64,,,0,166,,3,70,0,5 6 2,0,124,,5,64,,,0,100,,6,64,,,0,161,,7,64,,,0,55,,4,64,,,0,148,,8,64,0,7 8,0,38,,9,64,,,0
100,'5009',540,,18,64,,,0,263,,19,64,,,0,221,,20,64,,,0,211,,21,64,,,0,217,,22,64,,,0,265,,23,64,,,0,125,,24,64,,,0,216,,25,64,,,0,300,,26,64,,,0
100,'5010',540,,27,64,,,0,263,,28,64,,,0,221,,29,64,,,0,211,,30,64,,,0,217,,31,64,,,0,265,,32,64,,,0,125,,33,64,,,0,216,,34,64,,,0,300,,35,64,,,0
100,'5106',550,,355,64,,,0,81,,357,64,,,0,172,,354,64,,,0,100,,359,70,0,5 6 2,0,120,,356,64,,,0,105,,358,64,,,0,110,,360,70,0,5 6 2,0,105,,346,64,,,0,115,,361,70,0,5 6 2,0,154,,345,64,,,0,106,,347,70,0,5 6 2,0,118,,349,64,,,0,101,,350,64,,,0,166,,351,64,,,0,50,,348,64,,,0,153,,352,64,0,7 8,0,38,,353,64,,,0
100,'5109',540,,362,64,,,0,264,,363,64,,,0,223,,364,64,,,0,211,,365,64,,,0,217,,366,64,,,0,264,,367,64,,,0,123,,368,64,,,0,216,,369,64,,,0,95,,371,64,,,0,205,,370,64,,,0
100,'5110',540,,372,64,,,0,264,,373,64,,,0,223,,374,64,,,0,211,,375,64,,,0,217,,376,64,,,0,264,,377,64,,,0,118,,378,64,,,0,221,,379,64,,,0,95,,381,64,,,0,205,,380,64,,,0
9000,'4706',616,,235,42,,,0,98,,220,42,,,0,29,,212,42,,,0,160,,234,42,,,0,30,,222,42,,,0,170,,224,42,,,0,30,,232,42,,,0,179,,237,42,,,0,22,,225,42,,,0,70,,233,42,,,0,130,,226,42,,,0,98,,231,42,,,0,25,,228,42,,,0,98,,216,42,,,0,185,,229,42,,,0,75,,218,42,,,0,185,,217,42,,,0
9000,'5009',647,,244,42,,,0,162,,254,42,,,0,220,,256,42,,,0,95,,335,42,,,0,120,,255,42,,,0,260,,252,42,,,0,326,,250,42,,,0,270,,248,42,,,0
9000,'5010',647,,257,42,,,0,162,,267,42,,,0,220,,269,42,,,0,95,,338,42,,,0,120,,268,42,,,0,260,,265,42,,,0,326,,263,42,,,0,270,,261,42,,,0
9000,'5106',616,,583,42,,,0,98,,568,42,,,0,29,,560,42,,,0,160,,582,42,,,0,30,,570,42,,,0,170,,572,42,,,0,30,,580,42,,,0,179,,585,42,,,0,22,,573,42,,,0,70,,581,42,,,0,130,,574,42,,,0,91,,579,42,,,0,32,,576,42,,,0,98,,564,42,,,0,185,,577,42,,,0,75,,566,42,,,0,185,,565,42,,,0
9000,'5109',648,,592,42,,,0,158,,602,42,,,0,215,,605,42,,,0,10,,604,42,,,0,95,,597,42,,,0,110,,606,42,,,0,11,,603,42,,,0,258,,600,42,,,0,330,,598,42,,,0,265,,596,42,,,0
9000,'5110',648,,608,42,,,0,158,,618,42,,,0,215,,621,42,,,0,10,,620,42,,,0,95,,613,42,,,0,120,,619,42,,,0,209,,616,42,,,0,50,,623,42,,,0,332,,614,42,,,0,263,,612,42,,,0
