400,'4706',614,,187,25,,,0,124,,188,25,,,0,276,,189,25,,,0,220,,190,25,,,0,115,,191,25,,,0,410,,186,25,,,0,185,,185,25,,,0
400,'4707',1638,,193,25,,,0,617,,192,29,,,0
400,'4890',1638,,194,25,,,0
400,'5009',724,,202,25,,,0,281,,197,25,,,0,120,,196,25,,,0,209,,199,25,,,0,209,,198,25,,,0,264,,200,25,,,0,121,,201,25,,,0,306,,195,25,,,0
400,'5010',724,,210,25,,,0,281,,205,25,,,0,120,,204,25,,,0,209,,207,25,,,0,209,,206,25,,,0,264,,208,25,,,0,121,,209,25,,,0,306,,203,25,,,0
400,'5106',614,,535,25,,,0,124,,536,25,,,0,276,,537,25,,,0,220,,538,25,,,0,115,,539,25,,,0,410,,534,25,,,0,180,,533,25,,,0
400,'5107',1638,,540,25,,,0
400,'5108',1638,,542,25,,,0,617,,541,29,,,0
400,'5109',724,,550,25,,,0,281,,545,25,,,0,122,,544,25,,,0,207,,547,25,,,0,206,,546,25,,,0,264,,548,25,,,0,126,,549,25,,,0,302,,543,25,,,0
400,'5110',724,,558,25,,,0,281,,553,25,,,0,120,,552,25,,,0,206,,555,25,,,0,214,,554,25,,,0,262,,556,25,,,0,123,,557,25,,,0,302,,551,25,,,0
