100,'4706',515,,11,10,,,0,41,,13,10,,,0,170,,10,10,,,0,95,,15,10,0,5 6 2,0,130,,12,10,,,0,100,,14,10,,,0,104,,16,10,0,5 6 2,0,151,,2,10,,,0,109,,17,10,0,5 6 2,0,100,,1,10,,,0,120,,3,10,0,5 6 2,0,169,,5,10,,,0,101,,6,10,,,0,121,,7,10,,,0,95,,4,10,,,0,108,,8,10,0,7 8,0,79,,9,10,,,0
100,'5009',505,,18,10,,,0,221,,19,10,,,0,221,,20,10,,,0,211,,21,10,,,0,257,,22,10,,,0,224,,23,10,,,0,165,,24,10,,,0,217,,25,10,,,0,301,,26,10,,,0
100,'5010',505,,27,10,,,0,221,,28,10,,,0,221,,29,10,,,0,211,,30,10,,,0,257,,31,10,,,0,224,,32,10,,,0,165,,33,10,,,0,217,,34,10,,,0,301,,35,10,,,0
100,'5106',515,,355,10,,,0,41,,357,10,,,0,170,,354,10,,,0,95,,359,10,0,5 6 2,0,125,,356,10,,,0,105,,358,10,,,0,104,,360,10,0,5 6 2,0,151,,346,10,,,0,109,,361,10,0,5 6 2,0,120,,345,10,,,0,100,,347,10,0,5 6 2,0,122,,349,10,,,0,143,,350,10,,,0,126,,351,10,,,0,90,,348,10,,,0,113,,352,10,0,7 8,0,79,,353,10,,,0
100,'5109',505,,362,10,,,0,222,,363,10,,,0,221,,364,10,,,0,210,,365,10,,,0,257,,366,10,,,0,224,,367,10,,,0,166,,368,10,,,0,217,,369,10,,,0,95,,371,10,,,0,206,,370,10,,,0
100,'5110',505,,372,10,,,0,222,,373,10,,,0,221,,374,10,,,0,210,,375,10,,,0,257,,376,10,,,0,224,,377,10,,,0,161,,378,10,,,0,222,,379,10,,,0,95,,381,10,,,0,206,,380,10,,,0
9000,'4706',524,,211,10,,,0,28,,235,10,,,0,75,,219,10,,,0,22,,220,10,,,0,68,,212,10,,,0,27,,221,10,,,0,66,,236,10,,,0,26,,234,10,,,0,71,,222,10,,,0,29,,223,10,,,0,70,,213,10,,,0,32,,224,10,,,0,70,,232,10,,,0,37,,214,10,,,0,100,,237,10,,,0,62,,225,10,,,0,29,,233,10,,,0,103,,215,10,,,0,66,,226,10,,,0,32,,227,10,,,0,67,,231,10,,,0,25,,228,10,,,0,29,,238,10,,,0,70,,216,10,,,0,97,,239,10,,,0,90,,229,10,,,0,35,,218,10,,,0,92,,230,10,,,0,95,,217,10,,,0
9000,'4707',1220,,241,10,,,0,189,,240,10,,,0
9000,'4890',1220,,243,10,,,0,189,,242,10,,,0
9000,'5009',623,,244,10,,,0,120,,254,10,,,0,100,,245,10,,,0,161,,256,10,,,0,55,,335,10,,,0,158,,255,10,,,0,91,,333,10,,,0,128,,252,10,,,0,97,,334,10,,,0,120,,251,10,,,0,150,,250,10,,,0,113,,253,10,,,0,119,,248,10,,,0
9000,'5010',623,,257,10,,,0,120,,267,10,,,0,100,,258,10,,,0,161,,269,10,,,0,55,,338,10,,,0,158,,268,10,,,0,91,,336,10,,,0,128,,265,10,,,0,97,,337,10,,,0,120,,264,10,,,0,150,,263,10,,,0,113,,266,10,,,0,119,,261,10,,,0
9000,'5106',524,,559,10,,,0,28,,583,10,,,0,75,,567,10,,,0,22,,568,10,,,0,68,,560,10,,,0,27,,569,10,,,0,66,,584,10,,,0,26,,582,10,,,0,71,,570,10,,,0,29,,571,10,,,0,70,,561,10,,,0,32,,572,10,,,0,70,,580,10,,,0,37,,562,10,,,0,100,,585,10,,,0,62,,573,10,,,0,29,,581,10,,,0,103,,563,10,,,0,66,,574,10,,,0,32,,575,10,,,0,20,,579,10,,,0,72,,576,10,,,0,29,,586,10,,,0,70,,564,10,,,0,92,,587,10,,,0,95,,577,10,,,0,35,,566,10,,,0,92,,578,10,,,0,95,,565,10,,,0
9000,'5107',1220,,589,10,,,0,189,,588,10,,,0
9000,'5108',1220,,591,10,,,0,189,,590,10,,,0
9000,'5109',624,,592,10,,,0,118,,602,10,,,0,103,,593,10,,,0,110,,605,10,,,0,50,,604,10,,,0,95,,597,10,,,0,110,,606,10,,,0,11,,603,10,,,0,87,,594,10,,,0,128,,600,10,,,0,96,,595,10,,,0,116,,607,10,,,0,10,,599,10,,,0,149,,598,10,,,0,109,,601,10,,,0,119,,596,10,,,0
9000,'5110',624,,608,10,,,0,118,,618,10,,,0,103,,609,10,,,0,110,,621,10,,,0,50,,620,10,,,0,95,,613,10,,,0,120,,619,10,,,0,88,,610,10,,,0,118,,616,10,,,0,10,,623,10,,,0,97,,611,10,,,0,25,,624,10,,,0,90,,622,10,,,0,10,,615,10,,,0,151,,614,10,,,0,107,,617,10,,,0,119,,612,10,,,0
