101,'4706',628,,45,12,,,0,82,,49,12,,,0,134,,46,12,,,0,114,,47,12,,,0,150,,48,12,,,0,100,,50,12,,,0,115,,52,12,,,0,116,,51,12,,,0,99,,36,12,,,0,96,,37,12,,,0,124,,38,12,,,0,165,,39,12,,,0,100,,40,12,,,0,115,,41,12,,,0,100,,42,12,,,0,201,,44,12,,,0
101,'5010',613,,62,12,,,0,231,,66,12,,,0,260,,68,12,,,0,219,,67,12,,,0,215,,69,12,,,0,220,,70,12,,,0,165,,65,12,,,0,215,,64,12,,,0,300,,63,12,,,0
101,'5106',628,,391,12,,,0,82,,395,12,,,0,134,,392,12,,,0,114,,393,12,,,0,145,,394,12,,,0,105,,396,12,,,0,115,,398,12,,,0,116,,397,12,,,0,99,,382,12,,,0,121,,383,12,,,0,99,,384,12,,,0,160,,385,12,,,0,100,,386,12,,,0,120,,387,12,,,0,100,,388,12,,,0,201,,390,12,,,0
101,'5109',613,,399,12,,,0,232,,403,12,,,0,260,,405,12,,,0,220,,404,12,,,0,214,,406,12,,,0,220,,407,12,,,0,165,,402,12,,,0,215,,401,12,,,0,95,,408,12,,,0,205,,400,12,,,0
101,'5110',613,,409,12,,,0,232,,413,12,,,0,260,,415,12,,,0,220,,414,12,,,0,214,,416,12,,,0,220,,417,12,,,0,165,,412,12,,,0,215,,411,12,,,0,95,,418,12,,,0,205,,410,12,,,0
9001,'4706',636,,277,8,,,0,75,,278,8,,,0,33,,279,8,,,0,92,,271,8,,,0,65,,280,8,,,0,24,,281,8,,,0,33,,282,8,,,0,98,,273,8,,,0,150,,293,8,,,0,35,,284,8,,,0,105,,290,8,,,0,55,,286,8,,,0,32,,294,8,,,0,99,,272,8,,,0,99,,285,8,,,0,120,,288,8,,,0,70,,298,8,,,0,92,,276,8,,,0,133,,296,8,,,0,85,,289,8,,,0,100,,275,8,,,0
9001,'5010',718,,321,8,,,0,218,,320,8,,,0,380,,327,8,,,0,88,,342,8,,,0,217,,344,8,,,0,390,,317,8,,,0,120,,316,8,,,0
9001,'5106',636,,634,8,,,0,75,,635,8,,,0,33,,636,8,,,0,92,,628,8,,,0,65,,637,8,,,0,24,,638,8,,,0,33,,639,8,,,0,98,,630,8,,,0,150,,650,8,,,0,35,,641,8,,,0,105,,647,8,,,0,55,,643,8,,,0,32,,651,8,,,0,99,,629,8,,,0,99,,642,8,,,0,120,,645,8,,,0,70,,655,8,,,0,95,,633,8,,,0,130,,653,8,,,0,85,,646,8,,,0,100,,632,8,,,0
9001,'5109',718,,663,8,,,0,218,,662,8,,,0,380,,669,8,,,0,2,,672,8,,,0,88,,660,8,,,0,215,,664,8,,,0,390,,659,8,,,0,120,,658,8,,,0
9001,'5110',718,,679,8,,,0,218,,678,8,,,0,380,,685,8,,,0,90,,676,8,,,0,215,,680,8,,,0,30,,690,8,,,0,360,,675,8,,,0,120,,674,8,,,0
