100,'4532',508,,1010,14,,,0,220,,1011,14,,,0,223,,1012,14,,,0,250,,1013,14,,,0,219,,1014,14,,,0,220,,1015,14,,,0,168,,1016,14,,,0,217,,1017,14,,,0,95,,1019,14,,,0,206,,1018,14,,,0
100,'5106',517,,718,14,,,0,41,,720,14,,,0,171,,717,14,,,0,99,,722,20,0,5 6 2,0,121,,719,14,,,0,105,,721,14,,,0,148,,360,20,0,5 6 2,0,106,,346,14,,,0,114,,723,20,0,5 6 2,0,115,,710,14,,,0,105,,347,20,0,5 6 2,0,158,,712,14,,,0,103,,713,14,,,0,126,,714,14,,,0,90,,711,14,,,0,113,,715,14,0,7 8,0,79,,716,14,,,0
100,'5224',517,,1030,14,,,0,41,,1032,14,,,0,171,,1029,14,,,0,99,,1034,20,0,5 6 2,0,121,,1031,14,,,0,105,,1033,14,,,0,148,,1035,20,0,5 6 2,0,106,,1021,14,,,0,114,,1036,20,0,5 6 2,0,115,,1020,14,,,0,105,,1022,20,0,5 6 2,0,113,,1024,14,,,0,148,,1025,14,,,0,126,,1026,14,,,0,90,,1023,14,,,0,113,,1027,14,0,7 8,0,79,,1028,14,,,0
100,'5228',508,,1037,14,,,0,223,,1038,14,,,0,221,,1039,14,,,0,250,,1040,14,,,0,221,,1041,14,,,0,220,,1042,14,,,0,116,,1043,14,,,0,265,,1044,14,,,0,95,,1046,14,,,0,206,,1045,14,,,0
9000,'4532',627,,1220,14,,,0,123,,1230,14,,,0,158,,1221,14,,,0,50,,1233,14,,,0,50,,1232,14,,,0,115,,1225,14,,,0,90,,1234,14,,,0,10,,1231,14,,,0,88,,1222,14,,,0,128,,1228,14,,,0,117,,1223,14,,,0,95,,1235,14,,,0,50,,1227,14,,,0,115,,1226,14,,,0,108,,1229,14,,,0,114,,1224,14,,,0
9000,'5106',527,,913,14,,,0,28,,937,14,,,0,75,,921,14,,,0,22,,922,14,,,0,68,,914,14,,,0,27,,923,14,,,0,66,,938,14,,,0,26,,936,14,,,0,71,,924,14,,,0,29,,925,14,,,0,70,,915,14,,,0,32,,926,14,,,0,70,,934,14,,,0,37,,916,14,,,0,75,,943,14,,,0,25,,939,14,,,0,62,,927,14,,,0,29,,935,14,,,0,73,,942,14,,,0,30,,917,14,,,0,66,,928,14,,,0,32,,929,14,,,0,60,,933,14,,,0,32,,930,14,,,0,69,,940,14,,,0,30,,918,14,,,0,92,,941,14,,,0,95,,931,14,,,0,35,,920,14,,,0,92,,932,14,,,0,95,,919,14,,,0
9000,'5224',527,,1236,14,,,0,28,,1260,14,,,0,75,,1244,14,,,0,22,,1245,14,,,0,67,,1237,14,,,0,28,,1246,14,,,0,66,,1261,14,,,0,26,,1259,14,,,0,67,,1247,14,,,0,33,,1248,14,,,0,70,,1238,14,,,0,32,,1249,14,,,0,81,,1257,14,,,0,26,,1239,14,,,0,75,,1255,14,,,0,25,,1262,14,,,0,91,,1258,14,,,0,73,,1250,14,,,0,30,,1240,14,,,0,98,,1251,14,,,0,60,,1256,14,,,0,32,,1252,14,,,0,99,,1241,14,,,0,92,,1263,14,,,0,95,,1253,14,,,0,35,,1243,14,,,0,92,,1254,14,,,0,95,,1242,14,,,0
9000,'5225',1310,,1264,14,,,0,198,,1265,14,,,0,143,,1266,14,,,0
9000,'5226',1310,,1267,14,,,0,198,,1268,14,,,0,143,,1269,14,,,0
9000,'5228',627,,1270,14,,,0,122,,1278,14,,,0,160,,1271,14,,,0,49,,1285,14,,,0,50,,1280,14,,,0,114,,1274,14,,,0,98,,1279,14,,,0,93,,1272,14,,,0,118,,1284,14,,,0,10,,1281,14,,,0,162,,1282,14,,,0,50,,1283,14,,,0,50,,1276,14,,,0,113,,1275,14,,,0,110,,1277,14,,,0,114,,1273,14,,,0
