100,'4532',511,,1010,17,,,0,221,,1011,17,,,0,223,,1012,17,,,0,250,,1013,17,,,0,219,,1014,17,,,0,220,,1015,17,,,0,168,,1016,17,,,0,217,,1017,17,,,0,95,,1019,17,,,0,206,,1018,17,,,0
100,'5106',520,,718,17,,,0,81,,720,17,,,0,131,,717,17,,,0,99,,722,23,0,5 6 2,0,121,,719,17,,,0,105,,721,17,,,0,148,,360,23,0,5 6 2,0,107,,346,17,,,0,113,,723,23,0,5 6 2,0,116,,710,17,,,0,105,,347,23,0,5 6 2,0,158,,712,17,,,0,102,,713,17,,,0,126,,714,17,,,0,90,,711,17,,,0,113,,715,17,0,7 8,0,79,,716,17,,,0
100,'5224',520,,1030,17,,,0,81,,1032,17,,,0,131,,1029,17,,,0,99,,1034,23,0,5 6 2,0,121,,1031,17,,,0,105,,1033,17,,,0,148,,1035,23,0,5 6 2,0,107,,1021,17,,,0,113,,1036,23,0,5 6 2,0,116,,1020,17,,,0,105,,1022,23,0,5 6 2,0,113,,1024,17,,,0,147,,1025,17,,,0,126,,1026,17,,,0,90,,1023,17,,,0,113,,1027,17,0,7 8,0,79,,1028,17,,,0
100,'5228',511,,1037,17,,,0,224,,1038,17,,,0,221,,1039,17,,,0,250,,1040,17,,,0,221,,1041,17,,,0,220,,1042,17,,,0,156,,1043,17,,,0,225,,1044,17,,,0,95,,1046,17,,,0,206,,1045,17,,,0
9000,'4532',630,,1220,17,,,0,123,,1230,17,,,0,158,,1221,17,,,0,90,,1233,17,,,0,10,,1232,17,,,0,115,,1225,17,,,0,90,,1234,17,,,0,10,,1231,17,,,0,89,,1222,17,,,0,128,,1228,17,,,0,157,,1223,17,,,0,55,,1235,17,,,0,50,,1227,17,,,0,114,,1226,17,,,0,108,,1229,17,,,0,114,,1224,17,,,0
9000,'5106',530,,913,17,,,0,28,,937,17,,,0,75,,921,17,,,0,22,,922,17,,,0,68,,914,17,,,0,27,,923,17,,,0,66,,938,17,,,0,26,,936,17,,,0,71,,924,17,,,0,29,,925,17,,,0,70,,915,17,,,0,32,,926,17,,,0,70,,934,17,,,0,37,,916,17,,,0,75,,943,17,,,0,25,,939,17,,,0,62,,927,17,,,0,30,,935,17,,,0,73,,942,17,,,0,30,,917,17,,,0,66,,928,17,,,0,32,,929,17,,,0,60,,933,17,,,0,32,,930,17,,,0,69,,940,17,,,0,29,,918,17,,,0,92,,941,17,,,0,95,,931,17,,,0,35,,920,17,,,0,92,,932,17,,,0,94,,919,17,,,0
9000,'5224',530,,1236,17,,,0,28,,1260,17,,,0,75,,1244,17,,,0,22,,1245,17,,,0,67,,1237,17,,,0,28,,1246,17,,,0,66,,1261,17,,,0,26,,1259,17,,,0,67,,1247,17,,,0,33,,1248,17,,,0,70,,1238,17,,,0,32,,1249,17,,,0,81,,1257,17,,,0,26,,1239,17,,,0,75,,1255,17,,,0,25,,1262,17,,,0,92,,1258,17,,,0,73,,1250,17,,,0,30,,1240,17,,,0,98,,1251,17,,,0,60,,1256,17,,,0,32,,1252,17,,,0,98,,1241,17,,,0,92,,1263,17,,,0,95,,1253,17,,,0,35,,1243,17,,,0,92,,1254,17,,,0,94,,1242,17,,,0
9000,'5225',1313,,1264,17,,,0,199,,1265,17,,,0,143,,1266,17,,,0
9000,'5226',1313,,1267,17,,,0,199,,1268,17,,,0,143,,1269,17,,,0
9000,'5228',629,,1270,17,,,0,123,,1278,17,,,0,160,,1271,17,,,0,89,,1285,17,,,0,10,,1280,17,,,0,115,,1274,17,,,0,97,,1279,17,,,0,94,,1272,17,,,0,118,,1284,17,,,0,10,,1281,17,,,0,162,,1282,17,,,0,50,,1283,17,,,0,50,,1276,17,,,0,113,,1275,17,,,0,109,,1277,17,,,0,114,,1273,17,,,0
