9000,'4706',552,,211,45,,,0,105,,219,45,,,0,160,,221,45,,,0,27,,236,45,,,0,163,,223,45,,,0,30,,213,45,,,0,179,,214,45,,,0,296,,215,45,,,0,100,,227,45,,,0,120,,238,45,,,0,125,,239,45,,,0,255,,230,45,,,0
9000,'4707',1252,,241,45,,,0,190,,240,45,,,0
9000,'4890',1252,,243,45,,,0,190,,242,45,,,0
9000,'5009',917,,245,45,,,0,423,,333,45,,,0,268,,334,45,,,0,119,,251,45,,,0,220,,253,45,,,0
9000,'5010',917,,258,45,,,0,423,,336,45,,,0,268,,337,45,,,0,119,,264,45,,,0,220,,266,45,,,0
9000,'5106',552,,559,45,,,0,105,,567,45,,,0,160,,569,45,,,0,27,,584,45,,,0,163,,571,45,,,0,30,,561,45,,,0,179,,562,45,,,0,296,,563,45,,,0,100,,575,45,,,0,120,,586,45,,,0,120,,587,45,,,0,260,,578,45,,,0
9000,'5107',1252,,589,45,,,0,190,,588,45,,,0
9000,'5108',1252,,591,45,,,0,190,,590,45,,,0
9000,'5109',917,,593,45,,,0,425,,594,45,,,0,264,,595,45,,,0,116,,607,45,,,0,10,,599,45,,,0,215,,601,45,,,0
9000,'5110',917,,609,45,,,0,425,,610,45,,,0,265,,611,45,,,0,25,,624,45,,,0,90,,622,45,,,0,10,,615,45,,,0,215,,617,45,,,0
