201,'4706',536,,81,9,,,0,167,,84,9,,,0,30,,76,9,,,0,81,,77,9,,,0,98,,75,9,,,0,206,,79,9,,,0,39,,80,9,,,0,83,,87,9,,,0,105,,82,9,,,0,103,,83,9,,,0,76,,74,9,,,0,199,,73,9,,,0,119,,71,9,,,0,181,,72,9,,,0,386,,88,9,,,0
201,'4707',1753,,91,9,,,0,461,,89,9,,,0,117,,90,9,,,0
201,'4890',1753,,92,9,,,0
201,'5009',601,,103,9,,,0,47,,106,9,,,0,168,,95,9,,,0,89,,97,9,,,0,117,,329,9,,,0,102,,110,9,,,0,94,,98,9,,,0,95,,99,9,,,0,124,,108,9,,,0,72,,330,9,,,0,122,,101,9,,,0,108,,109,9,,,0,102,,104,9,,,0,165,,105,9,,,0,52,,102,9,,,0,87,,93,9,,,0
201,'5010',601,,121,9,,,0,47,,124,9,,,0,168,,113,9,,,0,89,,115,9,,,0,117,,331,9,,,0,102,,128,9,,,0,94,,116,9,,,0,95,,117,9,,,0,124,,126,9,,,0,72,,332,9,,,0,122,,119,9,,,0,108,,127,9,,,0,102,,122,9,,,0,165,,123,9,,,0,52,,120,9,,,0,87,,111,9,,,0
201,'5106',536,,429,9,,,0,167,,432,9,,,0,30,,424,9,,,0,73,,425,9,,,0,106,,423,9,,,0,206,,427,9,,,0,39,,428,9,,,0,83,,435,9,,,0,105,,430,9,,,0,98,,431,9,,,0,76,,422,9,,,0,202,,421,9,,,0,116,,420,9,,,0,181,,419,9,,,0,391,,436,9,,,0
201,'5107',1753,,437,9,,,0
201,'5108',1753,,440,9,,,0,461,,438,9,,,0,117,,439,9,,,0
201,'5109',601,,451,9,,,0,47,,454,9,,,0,168,,443,9,,,0,89,,445,9,,,0,133,,444,9,,,0,86,,458,9,,,0,94,,446,9,,,0,95,,447,9,,,0,123,,456,9,,,0,69,,448,9,,,0,126,,449,9,,,0,107,,457,9,,,0,103,,452,9,,,0,172,,453,9,,,0,35,,450,9,,,0,97,,441,9,,,0
201,'5110',601,,469,9,,,0,47,,472,9,,,0,169,,461,9,,,0,92,,463,9,,,0,129,,462,9,,,0,83,,476,9,,,0,97,,464,9,,,0,102,,465,9,,,0,116,,474,9,,,0,72,,466,9,,,0,121,,467,9,,,0,113,,475,9,,,0,99,,470,9,,,0,173,,471,9,,,0,35,,468,9,,,0,99,,459,9,,,0
400,'4706',600,,187,6,,,0,124,,188,6,,,0,276,,189,6,,,0,220,,190,6,,,0,115,,191,6,,,0,410,,186,6,,,0,185,,185,6,,,0
400,'4707',1624,,193,6,,,0,615,,192,6,,,0
400,'4890',1624,,194,6,,,0
400,'5009',710,,202,6,,,0,241,,197,6,,,0,160,,196,6,,,0,209,,199,6,,,0,209,,198,6,,,0,224,,200,6,,,0,161,,201,6,,,0,306,,195,6,,,0
400,'5010',710,,210,6,,,0,241,,205,6,,,0,160,,204,6,,,0,209,,207,6,,,0,209,,206,6,,,0,224,,208,6,,,0,161,,209,6,,,0,306,,203,6,,,0
400,'5106',600,,535,6,,,0,124,,536,6,,,0,276,,537,6,,,0,220,,538,6,,,0,115,,539,6,,,0,410,,534,6,,,0,180,,533,6,,,0
400,'5107',1624,,540,6,,,0
400,'5108',1624,,542,6,,,0,615,,541,6,,,0
400,'5109',710,,550,6,,,0,241,,545,6,,,0,162,,544,6,,,0,207,,547,6,,,0,206,,546,6,,,0,224,,548,6,,,0,166,,549,6,,,0,302,,543,6,,,0
400,'5110',710,,558,6,,,0,242,,553,6,,,0,159,,552,6,,,0,206,,555,6,,,0,214,,554,6,,,0,222,,556,6,,,0,163,,557,6,,,0,302,,551,6,,,0
