400,'4706',635,,187,52,,,0,165,,188,52,,,0,235,,189,52,,,0,220,,190,52,,,0,155,,191,52,,,0,410,,186,52,,,0,185,,185,52,,,0
400,'4707',1657,,193,52,,,0,659,,192,56,,,0
400,'4890',1657,,194,52,,,0
400,'5009',747,,202,52,,,0,281,,197,52,,,0,120,,196,52,,,0,209,,199,52,,,0,250,,198,52,,,0,222,,200,52,,,0,122,,201,52,,,0,305,,195,52,,,0
400,'5010',747,,210,52,,,0,281,,205,52,,,0,120,,204,52,,,0,209,,207,52,,,0,250,,206,52,,,0,222,,208,52,,,0,122,,209,52,,,0,305,,203,52,,,0
400,'5106',635,,535,52,,,0,165,,536,52,,,0,235,,537,52,,,0,220,,538,52,,,0,155,,539,52,,,0,410,,534,52,,,0,180,,533,52,,,0
400,'5107',1657,,540,52,,,0
400,'5108',1657,,542,52,,,0,659,,541,56,,,0
400,'5109',745,,550,52,,,0,283,,545,52,,,0,122,,544,52,,,0,208,,547,52,,,0,245,,546,52,,,0,224,,548,52,,,0,125,,549,52,,,0,301,,543,52,,,0
400,'5110',745,,558,52,,,0,284,,553,52,,,0,119,,552,52,,,0,208,,555,52,,,0,252,,554,52,,,0,222,,556,52,,,0,122,,557,52,,,0,301,,551,52,,,0
