100,'4532',548,,1010,77,,,0,263,,1011,77,,,0,224,,1012,77,,,0,211,,1013,77,,,0,259,,1014,77,,,0,220,,1015,77,,,0,125,,1016,77,,,0,255,,1017,77,,,0,95,,1019,77,,,0,206,,1018,77,,,0
100,'5106',557,,718,77,,,0,81,,720,77,,,0,174,,717,77,,,0,100,,722,83,0,5 6 2,0,120,,719,77,,,0,105,,721,77,,,0,110,,360,83,0,5 6 2,0,105,,346,77,,,0,155,,723,83,0,5 6 2,0,114,,710,77,,,0,106,,347,83,0,5 6 2,0,118,,712,77,,,0,100,,713,77,,,0,166,,714,77,,,0,90,,711,77,,,0,151,,716,77,,,0
100,'5224',557,,1030,77,,,0,81,,1032,77,,,0,174,,1029,77,,,0,100,,1034,83,0,5 6 2,0,120,,1031,77,,,0,105,,1033,77,,,0,110,,1035,83,0,5 6 2,0,105,,1021,77,,,0,155,,1036,83,0,5 6 2,0,114,,1020,77,,,0,106,,1022,83,0,5 6 2,0,113,,1024,77,,,0,105,,1025,77,,,0,166,,1026,77,,,0,90,,1023,77,,,0,151,,1028,77,,,0
100,'5228',548,,1037,77,,,0,264,,1038,77,,,0,224,,1039,77,,,0,210,,1040,77,,,0,260,,1041,77,,,0,220,,1042,77,,,0,115,,1043,77,,,0,265,,1044,77,,,0,95,,1046,77,,,0,205,,1045,77,,,0
9000,'4532',649,,1220,43,,,0,163,,1230,43,,,0,210,,1233,43,,,0,10,,1232,43,,,0,115,,1225,43,,,0,90,,1234,43,,,0,10,,1231,43,,,0,259,,1228,43,,,0,335,,1226,43,,,0,260,,1224,43,,,0
9000,'5106',617,,937,43,,,0,98,,922,43,,,0,29,,914,43,,,0,160,,936,43,,,0,30,,924,43,,,0,170,,926,43,,,0,30,,934,43,,,0,179,,939,43,,,0,22,,927,43,,,0,70,,935,43,,,0,130,,928,43,,,0,91,,933,43,,,0,32,,930,43,,,0,98,,918,43,,,0,185,,931,43,,,0,75,,920,43,,,0,185,,919,43,,,0
9000,'5224',617,,1260,43,,,0,98,,1245,43,,,0,28,,1237,43,,,0,161,,1259,43,,,0,26,,1247,43,,,0,174,,1249,43,,,0,41,,1257,43,,,0,168,,1262,43,,,0,92,,1258,43,,,0,221,,1256,43,,,0,32,,1252,43,,,0,98,,1241,43,,,0,185,,1253,43,,,0,75,,1243,43,,,0,185,,1242,43,,,0
9000,'5225',1335,,1264,43,,,0,200,,1265,43,,,0
9000,'5226',1335,,1267,43,,,0,200,,1268,43,,,0
9000,'5228',649,,1270,43,,,0,163,,1278,43,,,0,210,,1285,43,,,0,10,,1280,43,,,0,115,,1274,43,,,0,99,,1279,43,,,0,210,,1284,43,,,0,50,,1281,43,,,0,335,,1275,43,,,0,261,,1273,43,,,0
