300,'4706',645,,132,3,0,9 10,0,187,,133,3,0,9 10,0,291,,134,3,0,9 10,0,178,,135,3,0,9 10,0,123,,129,3,0,9 10,0,222,,131,3,0,9 10,0,265,,130,3,0,9 10,0
300,'4707',1722,,136,3,0,9 10,0,423,,137,3,0,9 10,0
300,'4890',1722,,138,3,0,9 10,0
300,'5009',620,,146,3,0,9 10,0,139,,140,3,0,9 10,0,164,,147,3,0,9 10,0,131,,141,3,0,9 10,0,185,,142,3,0,9 10,0,218,,143,3,0,9 10,0,246,,144,3,0,9 10,0,137,,145,3,0,9 10,0,277,,139,3,0,9 10,0
300,'5010',620,,155,3,0,9 10,0,139,,149,3,0,9 10,0,164,,156,3,0,9 10,0,131,,150,3,0,9 10,0,185,,151,3,0,9 10,0,218,,152,3,0,9 10,0,246,,153,3,0,9 10,0,137,,154,3,0,9 10,0,277,,148,3,0,9 10,0
300,'5106',645,,480,3,0,9 10,0,179,,481,3,0,9 10,0,299,,482,3,0,9 10,0,178,,483,3,0,9 10,0,123,,477,3,0,9 10,0,222,,479,3,0,9 10,0,265,,478,3,0,9 10,0
300,'5107',1722,,484,3,0,9 10,0
300,'5108',1722,,485,3,0,9 10,0,423,,486,3,0,9 10,0
300,'5109',620,,494,3,0,9 10,0,139,,488,3,0,9 10,0,164,,495,3,0,9 10,0,130,,489,3,0,9 10,0,186,,490,3,0,9 10,0,219,,491,3,0,9 10,0,245,,492,3,0,9 10,0,134,,493,3,0,9 10,0,280,,487,3,0,9 10,0
300,'5110',620,,503,3,0,9 10,0,139,,497,3,0,9 10,0,164,,504,3,0,9 10,0,130,,498,3,0,9 10,0,186,,499,3,0,9 10,0,263,,500,3,0,9 10,0,199,,501,3,0,9 10,0,136,,502,3,0,9 10,0,283,,496,3,0,9 10,0
