9000,'4706',549,,211,41,,,0,103,,219,41,,,0,160,,221,41,,,0,27,,236,41,,,0,163,,223,41,,,0,30,,213,41,,,0,179,,214,41,,,0,296,,215,41,,,0,100,,227,41,,,0,120,,238,41,,,0,125,,239,41,,,0,255,,230,41,,,0
9000,'4707',1247,,241,41,,,0,190,,240,41,,,0
9000,'4890',1247,,243,41,,,0,190,,242,41,,,0
9000,'5009',912,,245,41,,,0,423,,333,41,,,0,268,,334,41,,,0,119,,251,41,,,0,220,,253,41,,,0
9000,'5010',912,,258,41,,,0,423,,336,41,,,0,268,,337,41,,,0,119,,264,41,,,0,220,,266,41,,,0
9000,'5106',549,,559,41,,,0,103,,567,41,,,0,160,,569,41,,,0,27,,584,41,,,0,163,,571,41,,,0,30,,561,41,,,0,179,,562,41,,,0,296,,563,41,,,0,100,,575,41,,,0,120,,586,41,,,0,120,,587,41,,,0,260,,578,41,,,0
9000,'5107',1247,,589,41,,,0,190,,588,41,,,0
9000,'5108',1247,,591,41,,,0,190,,590,41,,,0
9000,'5109',912,,593,41,,,0,425,,594,41,,,0,264,,595,41,,,0,116,,607,41,,,0,10,,599,41,,,0,215,,601,41,,,0
9000,'5110',912,,609,41,,,0,425,,610,41,,,0,265,,611,41,,,0,25,,624,41,,,0,90,,622,41,,,0,10,,615,41,,,0,215,,617,41,,,0
