100,'4532',513,,1010,20,,,0,221,,1011,20,,,0,223,,1012,20,,,0,250,,1013,20,,,0,219,,1014,20,,,0,220,,1015,20,,,0,168,,1016,20,,,0,217,,1017,20,,,0,95,,1019,20,,,0,206,,1018,20,,,0
100,'5106',522,,718,20,,,0,81,,720,20,,,0,131,,717,20,,,0,99,,722,26,0,5 6 2,0,121,,719,20,,,0,105,,721,20,,,0,148,,360,26,0,5 6 2,0,107,,346,20,,,0,113,,723,26,0,5 6 2,0,116,,710,20,,,0,105,,347,26,0,5 6 2,0,158,,712,20,,,0,102,,713,20,,,0,126,,714,20,,,0,90,,711,20,,,0,113,,715,20,0,7 8,0,79,,716,20,,,0
100,'5224',522,,1030,20,,,0,81,,1032,20,,,0,131,,1029,20,,,0,99,,1034,26,0,5 6 2,0,121,,1031,20,,,0,105,,1033,20,,,0,148,,1035,26,0,5 6 2,0,107,,1021,20,,,0,113,,1036,26,0,5 6 2,0,116,,1020,20,,,0,105,,1022,26,0,5 6 2,0,153,,1024,20,,,0,107,,1025,20,,,0,126,,1026,20,,,0,90,,1023,20,,,0,113,,1027,20,0,7 8,0,79,,1028,20,,,0
100,'5228',513,,1037,20,,,0,224,,1038,20,,,0,221,,1039,20,,,0,250,,1040,20,,,0,221,,1041,20,,,0,220,,1042,20,,,0,156,,1043,20,,,0,225,,1044,20,,,0,95,,1046,20,,,0,206,,1045,20,,,0
9000,'4532',632,,1220,20,,,0,123,,1230,20,,,0,158,,1221,20,,,0,90,,1233,20,,,0,10,,1232,20,,,0,115,,1225,20,,,0,90,,1234,20,,,0,10,,1231,20,,,0,89,,1222,20,,,0,128,,1228,20,,,0,157,,1223,20,,,0,55,,1235,20,,,0,50,,1227,20,,,0,114,,1226,20,,,0,108,,1229,20,,,0,114,,1224,20,,,0
9000,'5106',532,,913,20,,,0,68,,937,20,,,0,35,,921,20,,,0,22,,922,20,,,0,68,,914,20,,,0,27,,923,20,,,0,66,,938,20,,,0,26,,936,20,,,0,71,,924,20,,,0,29,,925,20,,,0,70,,915,20,,,0,32,,926,20,,,0,70,,934,20,,,0,37,,916,20,,,0,75,,943,20,,,0,25,,939,20,,,0,62,,927,20,,,0,30,,935,20,,,0,73,,942,20,,,0,30,,917,20,,,0,66,,928,20,,,0,32,,929,20,,,0,60,,933,20,,,0,32,,930,20,,,0,69,,940,20,,,0,29,,918,20,,,0,92,,941,20,,,0,95,,931,20,,,0,35,,920,20,,,0,92,,932,20,,,0,94,,919,20,,,0
9000,'5224',532,,1236,20,,,0,68,,1260,20,,,0,35,,1244,20,,,0,22,,1245,20,,,0,67,,1237,20,,,0,28,,1246,20,,,0,66,,1261,20,,,0,26,,1259,20,,,0,67,,1247,20,,,0,33,,1248,20,,,0,70,,1238,20,,,0,32,,1249,20,,,0,81,,1257,20,,,0,26,,1239,20,,,0,75,,1255,20,,,0,25,,1262,20,,,0,92,,1258,20,,,0,73,,1250,20,,,0,30,,1240,20,,,0,98,,1251,20,,,0,60,,1256,20,,,0,32,,1252,20,,,0,98,,1241,20,,,0,92,,1263,20,,,0,95,,1253,20,,,0,35,,1243,20,,,0,92,,1254,20,,,0,94,,1242,20,,,0
9000,'5225',1315,,1264,20,,,0,199,,1265,20,,,0,143,,1266,20,,,0
9000,'5226',1315,,1267,20,,,0,199,,1268,20,,,0,143,,1269,20,,,0
9000,'5228',631,,1270,20,,,0,123,,1278,20,,,0,160,,1271,20,,,0,89,,1285,20,,,0,10,,1280,20,,,0,115,,1274,20,,,0,98,,1279,20,,,0,93,,1272,20,,,0,118,,1284,20,,,0,10,,1281,20,,,0,162,,1282,20,,,0,50,,1283,20,,,0,50,,1276,20,,,0,113,,1275,20,,,0,109,,1277,20,,,0,114,,1273,20,,,0
