100,'4822',544,,691,71,,,0,264,,692,71,,,0,223,,693,71,,,0,211,,694,71,,,0,217,,695,71,,,0,264,,696,71,,,0,118,,697,71,,,0,261,,698,71,,,0,55,,700,71,,,0,245,,699,71,,,0
100,'4826',544,,701,71,,,0,264,,702,71,,,0,223,,703,71,,,0,211,,704,71,,,0,217,,705,71,,,0,264,,706,71,,,0,123,,707,71,,,0,256,,708,71,,,0,55,,371,71,,,0,245,,709,71,,,0
100,'5106',1242,,360,77,0,5 6 2,0,105,,346,71,,,0,375,,347,77,0,5 6 2,0
100,'5315',553,,355,71,,,0,81,,357,71,,,0,173,,354,71,,,0,100,,359,77,0,5 6 2,0,120,,356,71,,,0,105,,358,71,,,0,370,,361,77,0,5 6 2,0,114,,345,71,,,0,224,,349,71,,,0,101,,350,71,,,0,166,,351,71,,,0,50,,348,71,,,0,153,,352,71,4,,0,38,,353,71,,,0
100,'5316',553,,718,71,,,0,81,,720,71,,,0,173,,717,71,,,0,100,,722,77,0,5 6 2,0,120,,719,71,,,0,105,,721,71,,,0,370,,723,77,0,5 6 2,0,114,,710,71,,,0,224,,712,71,,,0,101,,713,71,,,0,166,,714,71,,,0,50,,711,71,,,0,153,,715,71,4,,0,38,,716,71,,,0
101,'4822',619,,724,21,,,0,232,,728,21,,,0,261,,730,21,,,0,220,,729,21,,,0,214,,731,21,,,0,260,,732,21,,,0,125,,727,21,,,0,215,,726,21,,,0,95,,733,21,,,0,204,,725,21,,,0
101,'4826',619,,734,21,,,0,232,,738,21,,,0,261,,740,21,,,0,220,,739,21,,,0,214,,741,21,,,0,260,,742,21,,,0,125,,737,21,,,0,215,,736,21,,,0,95,,408,21,,,0,204,,735,21,,,0
101,'5106',1330,,398,21,,,0,115,,397,21,,,0,360,,384,21,,,0
101,'5315',634,,391,21,,,0,82,,395,21,,,0,135,,392,21,,,0,154,,393,21,,,0,105,,394,21,,,0,104,,396,21,,,0,331,,382,21,,,0,160,,383,21,,,0,220,,385,21,,,0,100,,386,21,,,0,120,,387,21,,,0,100,,388,21,,,0,68,,389,1,,,0,133,,390,21,,,0
101,'5316',634,,751,21,,,0,82,,755,21,,,0,135,,752,21,,,0,154,,753,21,,,0,105,,754,21,,,0,104,,756,21,,,0,331,,743,21,,,0,160,,744,21,,,0,220,,745,21,,,0,100,,746,21,,,0,120,,747,21,,,0,100,,748,21,,,0,68,,749,1,,,0,133,,750,21,,,0
