100,'4706',552,,11,70,,,0,81,,13,70,,,0,173,,10,70,,,0,100,,15,76,0,5 6 2,0,125,,12,70,,,0,100,,14,70,,,0,110,,16,76,0,5 6 2,0,105,,2,70,,,0,155,,17,76,0,5 6 2,0,54,,1,70,,,0,166,,3,76,0,5 6 2,0,124,,5,70,,,0,100,,6,70,,,0,161,,7,70,,,0,95,,4,70,,,0,108,,8,70,0,7 8,0,38,,9,70,,,0
100,'5010',542,,27,70,,,0,264,,28,70,,,0,221,,29,70,,,0,211,,30,70,,,0,217,,31,70,,,0,265,,32,70,,,0,125,,33,70,,,0,256,,34,70,,,0,300,,35,70,,,0
100,'5106',552,,355,70,,,0,81,,357,70,,,0,173,,354,70,,,0,100,,359,76,0,5 6 2,0,120,,356,70,,,0,105,,358,70,,,0,110,,360,76,0,5 6 2,0,105,,346,70,,,0,155,,361,76,0,5 6 2,0,114,,345,70,,,0,106,,347,76,0,5 6 2,0,118,,349,70,,,0,101,,350,70,,,0,166,,351,70,,,0,50,,348,70,,,0,153,,352,70,0,7 8,0,38,,353,70,,,0
100,'5109',543,,362,70,,,0,264,,363,70,,,0,223,,364,70,,,0,211,,365,70,,,0,217,,366,70,,,0,264,,367,70,,,0,123,,368,70,,,0,256,,369,70,,,0,55,,371,70,,,0,245,,370,70,,,0
100,'5110',543,,372,70,,,0,264,,373,70,,,0,223,,374,70,,,0,211,,375,70,,,0,217,,376,70,,,0,264,,377,70,,,0,118,,378,70,,,0,261,,379,70,,,0,55,,381,70,,,0,245,,380,70,,,0
101,'4706',633,,45,20,,,0,82,,49,20,,,0,135,,46,20,,,0,154,,47,20,,,0,110,,48,20,,,0,99,,50,20,,,0,116,,52,20,,,0,115,,51,20,,,0,100,,36,20,,,0,95,,37,20,,,0,165,,38,20,,,0,125,,39,20,,,0,100,,40,20,,,0,115,,41,20,,,0,100,,42,20,,,0,201,,44,20,,,0
101,'5010',618,,62,20,,,0,232,,66,20,,,0,260,,68,20,,,0,219,,67,20,,,0,215,,69,20,,,0,260,,70,20,,,0,125,,65,20,,,0,215,,64,20,,,0,300,,63,20,,,0
101,'5106',633,,391,20,,,0,82,,395,20,,,0,135,,392,20,,,0,154,,393,20,,,0,105,,394,20,,,0,104,,396,20,,,0,116,,398,20,,,0,115,,397,20,,,0,100,,382,20,,,0,160,,383,20,,,0,100,,384,20,,,0,120,,385,20,,,0,100,,386,20,,,0,120,,387,20,,,0,100,,388,20,,,0,201,,390,20,,,0
101,'5109',618,,399,20,,,0,232,,403,20,,,0,261,,405,20,,,0,220,,404,20,,,0,214,,406,20,,,0,260,,407,20,,,0,125,,402,20,,,0,215,,401,20,,,0,95,,408,20,,,0,204,,400,20,,,0
101,'5110',618,,409,20,,,0,232,,413,20,,,0,261,,415,20,,,0,220,,414,20,,,0,214,,416,20,,,0,260,,417,20,,,0,125,,412,20,,,0,215,,411,20,,,0,95,,418,20,,,0,204,,410,20,,,0
