101,'4532',615,,1047,13,,,0,231,,1051,13,,,0,260,,1053,13,,,0,220,,1052,13,,,0,214,,1054,13,,,0,215,,1055,13,,,0,165,,1050,13,,,0,220,,1049,13,,,0,95,,1056,13,,,0,205,,1048,13,,,0
101,'5106',629,,751,13,,,0,82,,755,13,,,0,134,,752,13,,,0,114,,753,13,,,0,145,,754,13,,,0,105,,756,13,,,0,115,,398,13,,,0,116,,397,13,,,0,99,,743,13,,,0,161,,744,13,,,0,59,,384,13,,,0,160,,745,13,,,0,100,,746,13,,,0,120,,747,13,,,0,100,,748,13,,,0,201,,750,13,,,0
101,'5224',629,,1066,13,,,0,82,,1070,13,,,0,134,,1067,13,,,0,159,,1068,13,,,0,100,,1069,13,,,0,121,,1071,13,,,0,99,,1073,13,,,0,111,,1072,13,,,0,104,,1057,13,,,0,116,,1058,13,,,0,99,,1059,13,,,0,165,,1060,13,,,0,100,,1061,13,,,0,120,,1062,13,,,0,100,,1063,13,,,0,201,,1065,13,,,0
101,'5228',615,,1074,13,,,0,230,,1078,13,,,0,260,,1080,13,,,0,220,,1079,13,,,0,215,,1081,13,,,0,215,,1082,13,,,0,165,,1077,13,,,0,220,,1076,13,,,0,95,,1083,13,,,0,205,,1075,13,,,0
9001,'4532',719,,1290,9,,,0,238,,1289,9,,,0,360,,1296,9,,,0,2,,1300,9,,,0,38,,1291,9,,,0,290,,1298,9,,,0,365,,1287,9,,,0,120,,1286,9,,,0
9001,'5106',637,,986,9,,,0,75,,987,9,,,0,33,,988,9,,,0,92,,980,9,,,0,65,,989,9,,,0,24,,990,9,,,0,33,,991,9,,,0,98,,982,9,,,0,150,,1002,9,,,0,35,,993,9,,,0,105,,999,9,,,0,55,,995,9,,,0,32,,1003,9,,,0,99,,981,9,,,0,99,,994,9,,,0,120,,997,9,,,0,70,,1007,9,,,0,95,,985,9,,,0,130,,1005,9,,,0,85,,998,9,,,0,100,,984,9,,,0
9001,'5224',637,,1310,9,,,0,75,,1311,9,,,0,33,,1312,9,,,0,97,,1303,9,,,0,60,,1313,9,,,0,24,,1314,9,,,0,76,,1315,9,,,0,55,,1306,9,,,0,160,,1324,9,,,0,25,,1317,9,,,0,105,,1321,9,,,0,80,,1325,9,,,0,106,,1304,9,,,0,99,,1318,9,,,0,190,,1329,9,,,0,90,,1309,9,,,0,135,,1327,9,,,0,85,,1320,9,,,0,100,,1308,9,,,0
9001,'5225',1402,,1330,9,,,0,345,,1332,9,,,0
9001,'5226',1402,,1333,9,,,0,345,,1335,9,,,0
9001,'5228',719,,1341,9,,,0,238,,1340,9,,,0,360,,1346,9,,,0,40,,1338,9,,,0,290,,1348,9,,,0,365,,1337,9,,,0,120,,1336,9,,,0
