101,'4532',700,,1047,79,,,0,233,,1051,79,,,0,224,,1053,79,,,0,260,,1052,79,,,0,212,,1054,79,,,0,215,,1055,79,,,0,163,,1050,79,,,0,220,,1049,79,,,0,95,,1056,79,,,0,202,,1048,79,,,0
101,'5106',715,,751,79,,,0,44,,755,85,,,0,175,,752,79,,,0,114,,753,79,,,0,105,,754,79,,,0,148,,756,85,,,0,114,,398,79,,,0,117,,397,85,,,0,97,,743,79,,,0,121,,744,85,,,0,96,,384,79,,,0,160,,745,79,,,0,100,,746,79,,,0,119,,747,79,,,0,99,,748,79,,,0,28,,749,59,,,0,173,,750,79,,,0
101,'5224',715,,1066,79,,,0,44,,1070,85,,,0,175,,1067,79,,,0,119,,1068,79,,,0,100,,1069,79,,,0,164,,1071,85,,,0,98,,1073,79,,,0,112,,1072,85,,,0,102,,1057,79,,,0,116,,1058,85,,,0,96,,1059,79,,,0,165,,1060,79,,,0,100,,1061,79,,,0,119,,1062,79,,,0,99,,1063,79,,,0,28,,1064,59,,,0,173,,1065,79,,,0
101,'5228',659,,1074,79,,,0,272,,1078,79,,,0,223,,1080,79,,,0,258,,1079,79,,,0,215,,1081,79,,,0,214,,1082,79,,,0,164,,1077,79,,,0,220,,1076,79,,,0,95,,1083,79,,,0,202,,1075,79,,,0
9001,'4532',744,,1290,42,,,0,159,,1292,39,,,0,121,,1289,42,,,0,99,,1297,39,,,0,2,,1299,39,,,0,118,,1288,39,,,0,103,,1296,42,,,0,2,,1300,42,,,0,78,,1291,42,,,0,174,,1293,39,,,0,115,,1298,42,,,0,98,,1294,39,,,0,2,,1301,39,,,0,121,,1295,39,,,0,102,,1287,42,,,0,120,,1286,42,,,0
9001,'5106',629,,979,39,,,0,71,,986,42,,,0,37,,987,42,,,0,75,,988,42,,,0,29,,1004,39,,,0,63,,980,42,,,0,25,,989,42,,,0,22,,990,42,,,0,72,,991,42,,,0,27,,1001,39,,,0,71,,982,42,,,0,79,,992,39,,,0,32,,1002,42,,,0,77,,993,42,,,0,35,,1008,39,,,0,72,,999,42,,,0,15,,995,42,,,0,72,,1003,42,,,0,35,,1009,39,,,0,65,,981,42,,,0,26,,996,39,,,0,71,,994,42,,,0,18,,1006,39,,,0,34,,1000,39,,,0,67,,997,42,,,0,30,,1007,42,,,0,95,,985,42,,,0,92,,983,39,,,0,78,,1005,42,,,0,45,,998,42,,,0,100,,984,42,,,0
9001,'5224',629,,1302,39,,,0,71,,1310,42,,,0,37,,1311,42,,,0,75,,1312,42,,,0,28,,1326,39,,,0,69,,1303,42,,,0,20,,1313,42,,,0,22,,1314,42,,,0,75,,1315,42,,,0,24,,1323,39,,,0,71,,1306,42,,,0,30,,1316,39,,,0,91,,1324,42,,,0,67,,1317,42,,,0,35,,1305,39,,,0,72,,1321,42,,,0,40,,1325,42,,,0,82,,1319,39,,,0,65,,1304,42,,,0,97,,1318,42,,,0,13,,1328,39,,,0,42,,1322,39,,,0,94,,1329,42,,,0,90,,1309,42,,,0,97,,1307,39,,,0,78,,1327,42,,,0,45,,1320,42,,,0,100,,1308,42,,,0
9001,'5225',1431,,1330,42,,,0,193,,1331,39,,,0,190,,1332,42,,,0
9001,'5226',1431,,1333,42,,,0,193,,1334,39,,,0,190,,1335,42,,,0
9001,'5228',744,,1341,42,,,0,157,,1342,39,,,0,122,,1340,42,,,0,99,,1347,39,,,0,2,,1349,39,,,0,118,,1339,39,,,0,103,,1346,42,,,0,80,,1338,42,,,0,134,,1343,39,,,0,42,,1350,39,,,0,112,,1348,42,,,0,99,,1344,39,,,0,2,,1351,39,,,0,122,,1345,39,,,0,102,,1337,42,,,0,120,,1336,42,,,0
