400,'4706',613,,187,23,,,0,125,,188,23,,,0,275,,189,23,,,0,220,,190,23,,,0,115,,191,23,,,0,410,,186,23,,,0,185,,185,23,,,0
400,'4707',1637,,193,23,,,0,617,,192,27,,,0
400,'4890',1637,,194,23,,,0
400,'5009',724,,202,23,,,0,280,,197,23,,,0,120,,196,23,,,0,209,,199,23,,,0,210,,198,23,,,0,263,,200,23,,,0,121,,201,23,,,0,306,,195,23,,,0
400,'5010',724,,210,23,,,0,280,,205,23,,,0,120,,204,23,,,0,209,,207,23,,,0,210,,206,23,,,0,263,,208,23,,,0,121,,209,23,,,0,306,,203,23,,,0
400,'5106',613,,535,23,,,0,125,,536,23,,,0,275,,537,23,,,0,220,,538,23,,,0,115,,539,23,,,0,410,,534,23,,,0,180,,533,23,,,0
400,'5107',1637,,540,23,,,0
400,'5108',1637,,542,23,,,0,617,,541,27,,,0
400,'5109',723,,550,23,,,0,281,,545,23,,,0,122,,544,23,,,0,207,,547,23,,,0,206,,546,23,,,0,264,,548,23,,,0,126,,549,23,,,0,302,,543,23,,,0
400,'5110',723,,558,23,,,0,281,,553,23,,,0,121,,552,23,,,0,205,,555,23,,,0,214,,554,23,,,0,262,,556,23,,,0,123,,557,23,,,0,302,,551,23,,,0
