9001,'4706',620,,270,25,,,0,31,,277,28,,,0,75,,278,28,,,0,75,,279,28,,,0,29,,295,25,,,0,24,,271,28,,,0,65,,280,28,,,0,23,,281,28,,,0,73,,282,28,,,0,27,,292,25,,,0,71,,273,28,,,0,38,,283,25,,,0,72,,293,28,,,0,35,,284,28,,,0,147,,290,28,,,0,15,,286,28,,,0,33,,294,28,,,0,99,,272,28,,,0,67,,287,25,,,0,31,,285,28,,,0,68,,297,25,,,0,24,,291,25,,,0,67,,288,28,,,0,30,,298,28,,,0,92,,276,28,,,0,96,,274,25,,,0,77,,296,28,,,0,45,,289,28,,,0,100,,275,28,,,0
9001,'4707',1333,,299,25,,,0,193,,300,25,,,0
9001,'4890',1333,,301,25,,,0,193,,302,25,,,0
9001,'5009',734,,308,28,,,0,118,,310,25,,,0,101,,307,28,,,0,159,,315,25,,,0,98,,340,25,,,0,125,,314,28,,,0,88,,339,28,,,0,128,,311,25,,,0,89,,341,28,,,0,168,,312,25,,,0,124,,313,25,,,0,97,,304,28,,,0,120,,303,28,,,0
9001,'5010',734,,321,28,,,0,118,,323,25,,,0,101,,320,28,,,0,159,,328,25,,,0,98,,343,25,,,0,125,,327,28,,,0,88,,342,28,,,0,128,,324,25,,,0,89,,344,28,,,0,168,,325,25,,,0,124,,326,25,,,0,97,,317,28,,,0,120,,316,28,,,0
9001,'5106',620,,625,25,,,0,31,,632,28,,,0,75,,633,28,,,0,75,,634,28,,,0,29,,650,25,,,0,24,,626,28,,,0,65,,635,28,,,0,23,,636,28,,,0,73,,637,28,,,0,27,,647,25,,,0,71,,628,28,,,0,38,,638,25,,,0,72,,648,28,,,0,35,,639,28,,,0,147,,645,28,,,0,15,,641,28,,,0,33,,649,28,,,0,99,,627,28,,,0,67,,642,25,,,0,31,,640,28,,,0,58,,652,25,,,0,34,,646,25,,,0,67,,643,28,,,0,30,,653,28,,,0,95,,631,28,,,0,93,,629,25,,,0,77,,651,28,,,0,45,,644,28,,,0,100,,630,28,,,0
9001,'5107',1333,,654,25,,,0,193,,655,25,,,0
9001,'5108',1333,,656,25,,,0,193,,657,25,,,0
9001,'5109',734,,663,28,,,0,119,,665,25,,,0,101,,662,28,,,0,159,,670,25,,,0,2,,671,25,,,0,98,,661,25,,,0,122,,669,28,,,0,2,,672,28,,,0,88,,660,28,,,0,124,,666,25,,,0,91,,664,28,,,0,168,,667,25,,,0,2,,673,25,,,0,121,,668,25,,,0,97,,659,28,,,0,120,,658,28,,,0
9001,'5110',734,,679,28,,,0,119,,681,25,,,0,101,,678,28,,,0,159,,686,25,,,0,2,,687,25,,,0,98,,677,25,,,0,122,,685,28,,,0,90,,676,28,,,0,124,,682,25,,,0,5,,689,25,,,0,86,,680,28,,,0,70,,690,28,,,0,98,,683,25,,,0,2,,688,25,,,0,121,,684,25,,,0,97,,675,28,,,0,120,,674,28,,,0
