9001,'4706',619,,270,24,,,0,31,,277,27,,,0,75,,278,27,,,0,75,,279,27,,,0,29,,295,24,,,0,24,,271,27,,,0,65,,280,27,,,0,23,,281,27,,,0,73,,282,27,,,0,27,,292,24,,,0,71,,273,27,,,0,38,,283,24,,,0,72,,293,27,,,0,35,,284,27,,,0,147,,290,27,,,0,15,,286,27,,,0,32,,294,27,,,0,99,,272,27,,,0,67,,287,24,,,0,31,,285,27,,,0,69,,297,24,,,0,24,,291,24,,,0,67,,288,27,,,0,30,,298,27,,,0,92,,276,27,,,0,96,,274,24,,,0,77,,296,27,,,0,45,,289,27,,,0,100,,275,27,,,0
9001,'4707',1332,,299,24,,,0,193,,300,24,,,0
9001,'4890',1332,,301,24,,,0,193,,302,24,,,0
9001,'5009',733,,308,27,,,0,118,,310,24,,,0,101,,307,27,,,0,159,,315,24,,,0,98,,340,24,,,0,125,,314,27,,,0,88,,339,27,,,0,127,,311,24,,,0,89,,341,27,,,0,169,,312,24,,,0,124,,313,24,,,0,97,,304,27,,,0,120,,303,27,,,0
9001,'5010',733,,321,27,,,0,118,,323,24,,,0,101,,320,27,,,0,159,,328,24,,,0,98,,343,24,,,0,125,,327,27,,,0,88,,342,27,,,0,127,,324,24,,,0,89,,344,27,,,0,169,,325,24,,,0,124,,326,24,,,0,97,,317,27,,,0,120,,316,27,,,0
9001,'5106',619,,625,24,,,0,31,,632,27,,,0,75,,633,27,,,0,75,,634,27,,,0,29,,650,24,,,0,24,,626,27,,,0,65,,635,27,,,0,23,,636,27,,,0,73,,637,27,,,0,27,,647,24,,,0,71,,628,27,,,0,38,,638,24,,,0,72,,648,27,,,0,35,,639,27,,,0,147,,645,27,,,0,15,,641,27,,,0,32,,649,27,,,0,99,,627,27,,,0,67,,642,24,,,0,31,,640,27,,,0,59,,652,24,,,0,34,,646,24,,,0,67,,643,27,,,0,30,,653,27,,,0,95,,631,27,,,0,93,,629,24,,,0,77,,651,27,,,0,45,,644,27,,,0,100,,630,27,,,0
9001,'5107',1332,,654,24,,,0,193,,655,24,,,0
9001,'5108',1332,,656,24,,,0,193,,657,24,,,0
9001,'5109',733,,663,27,,,0,119,,665,24,,,0,101,,662,27,,,0,159,,670,24,,,0,2,,671,24,,,0,98,,661,24,,,0,122,,669,27,,,0,2,,672,27,,,0,88,,660,27,,,0,124,,666,24,,,0,91,,664,27,,,0,168,,667,24,,,0,2,,673,24,,,0,121,,668,24,,,0,97,,659,27,,,0,120,,658,27,,,0
9001,'5110',733,,679,27,,,0,119,,681,24,,,0,101,,678,27,,,0,159,,686,24,,,0,2,,687,24,,,0,98,,677,24,,,0,122,,685,27,,,0,90,,676,27,,,0,124,,682,24,,,0,5,,689,24,,,0,86,,680,27,,,0,70,,690,27,,,0,98,,683,24,,,0,2,,688,24,,,0,121,,684,24,,,0,97,,675,27,,,0,120,,674,27,,,0
