100,'4706',512,,11,5,,,0,41,,13,5,,,0,170,,10,5,,,0,94,,15,5,0,5 6 2,0,131,,12,5,,,0,100,,14,5,,,0,103,,16,5,0,5 6 2,0,151,,2,5,,,0,109,,17,5,0,5 6 2,0,100,,1,5,,,0,120,,3,5,0,5 6 2,0,169,,5,5,,,0,102,,6,5,,,0,121,,7,5,,,0,95,,4,5,,,0,108,,8,5,0,7 8,0,79,,9,5,,,0
100,'4822',502,,372,5,,,0,221,,373,5,,,0,222,,374,5,,,0,210,,375,5,,,0,257,,376,5,,,0,224,,377,5,,,0,121,,378,5,,,0,262,,379,5,,,0,95,,381,5,,,0,205,,380,5,,,0
100,'4826',502,,362,5,,,0,221,,363,5,,,0,222,,364,5,,,0,210,,365,5,,,0,257,,366,5,,,0,224,,367,5,,,0,166,,368,5,,,0,217,,369,5,,,0,95,,371,5,,,0,205,,370,5,,,0
100,'5106',512,,355,5,,,0,41,,357,5,,,0,170,,354,5,,,0,94,,359,5,0,5 6 2,0,126,,356,5,,,0,105,,358,5,,,0,103,,360,5,0,5 6 2,0,151,,346,5,,,0,109,,361,5,0,5 6 2,0,120,,345,5,,,0,100,,347,5,0,5 6 2,0,123,,349,5,,,0,103,,350,5,,,0,166,,351,5,,,0,90,,348,5,,,0,113,,352,5,0,7 8,0,79,,353,5,,,0
9000,'4706',521,,211,5,,,0,28,,235,5,,,0,75,,219,5,,,0,22,,220,5,,,0,68,,212,5,,,0,26,,221,5,,,0,66,,236,5,,,0,26,,234,5,,,0,71,,222,5,,,0,29,,223,5,,,0,70,,213,5,,,0,32,,224,5,,,0,70,,232,5,,,0,37,,214,5,,,0,75,,243,5,,,0,25,,237,5,,,0,62,,225,5,,,0,29,,233,5,,,0,73,,242,5,,,0,30,,215,5,,,0,66,,226,5,,,0,32,,227,5,,,0,67,,231,5,,,0,25,,228,5,,,0,29,,238,5,,,0,70,,216,5,,,0,97,,239,5,,,0,91,,229,5,,,0,35,,218,5,,,0,92,,230,5,,,0,95,,217,5,,,0
9000,'4822',621,,608,5,,,0,118,,618,5,,,0,102,,609,5,,,0,110,,621,5,,,0,50,,620,5,,,0,55,,613,5,,,0,160,,619,5,,,0,88,,610,5,,,0,118,,616,5,,,0,10,,623,5,,,0,97,,611,5,,,0,25,,624,5,,,0,90,,622,5,,,0,10,,615,5,,,0,151,,614,5,,,0,107,,617,5,,,0,120,,612,5,,,0
9000,'4826',621,,592,5,,,0,118,,602,5,,,0,102,,593,5,,,0,110,,605,5,,,0,50,,604,5,,,0,55,,597,5,,,0,150,,606,5,,,0,11,,603,5,,,0,87,,594,5,,,0,128,,600,5,,,0,96,,595,5,,,0,116,,607,5,,,0,10,,599,5,,,0,149,,598,5,,,0,109,,601,5,,,0,120,,596,5,,,0
9000,'4967',1216,,560,5,,,0,189,,559,5,,,0
9000,'5106',521,,561,5,,,0,28,,585,5,,,0,75,,569,5,,,0,22,,570,5,,,0,68,,562,5,,,0,26,,571,5,,,0,66,,586,5,,,0,26,,584,5,,,0,71,,572,5,,,0,29,,573,5,,,0,70,,563,5,,,0,32,,574,5,,,0,70,,582,5,,,0,37,,564,5,,,0,100,,587,5,,,0,62,,575,5,,,0,29,,583,5,,,0,103,,565,5,,,0,66,,576,5,,,0,32,,577,5,,,0,20,,581,5,,,0,72,,578,5,,,0,29,,588,5,,,0,70,,566,5,,,0,92,,589,5,,,0,96,,579,5,,,0,35,,568,5,,,0,92,,580,5,,,0,95,,567,5,,,0
9000,'5107',1216,,591,5,,,0,189,,590,5,,,0
