100,'4822',500,,691,3,,,0,221,,692,3,,,0,221,,693,3,,,0,210,,694,3,,,0,257,,695,3,,,0,224,,696,3,,,0,121,,697,3,,,0,262,,698,3,,,0,95,,700,3,,,0,206,,699,3,,,0
100,'4826',500,,701,3,,,0,221,,702,3,,,0,221,,703,3,,,0,210,,704,3,,,0,257,,705,3,,,0,224,,706,3,,,0,126,,707,3,,,0,257,,708,3,,,0,95,,371,3,,,0,206,,709,3,,,0
100,'5106',1149,,360,3,0,5 6 2,0,151,,346,3,,,0,328,,347,3,0,5 6 2,0
100,'5315',510,,355,3,,,0,41,,357,3,,,0,170,,354,3,,,0,94,,359,3,0,5 6 2,0,126,,356,3,,,0,105,,358,3,,,0,362,,361,3,0,5 6 2,0,121,,345,3,,,0,222,,349,3,,,0,104,,350,3,,,0,166,,351,3,,,0,90,,348,3,,,0,113,,352,3,0,7 8,0,79,,353,3,,,0
100,'5316',510,,718,3,,,0,41,,720,3,,,0,170,,717,3,,,0,94,,722,3,0,5 6 2,0,126,,719,3,,,0,105,,721,3,,,0,362,,723,3,0,5 6 2,0,121,,710,3,,,0,222,,712,3,,,0,104,,713,3,,,0,166,,714,3,,,0,90,,711,3,,,0,113,,715,3,0,7 8,0,79,,716,3,,,0
9000,'4822',619,,878,3,,,0,118,,888,3,,,0,102,,879,3,,,0,109,,891,3,,,0,10,,890,3,,,0,95,,883,3,,,0,160,,889,3,,,0,88,,880,3,,,0,118,,886,3,,,0,10,,893,3,,,0,97,,881,3,,,0,25,,894,3,,,0,90,,892,3,,,0,10,,885,3,,,0,151,,884,3,,,0,108,,887,3,,,0,120,,882,3,,,0
9000,'4826',619,,895,3,,,0,118,,905,3,,,0,102,,896,3,,,0,109,,908,3,,,0,10,,907,3,,,0,95,,900,3,,,0,150,,909,3,,,0,11,,906,3,,,0,87,,897,3,,,0,128,,903,3,,,0,96,,898,3,,,0,116,,910,3,,,0,10,,902,3,,,0,149,,901,3,,,0,110,,904,3,,,0,120,,899,3,,,0
9000,'4967',1214,,912,3,,,0,189,,911,3,,,0
9000,'5315',519,,561,3,,,0,28,,585,3,,,0,75,,569,3,,,0,22,,570,3,,,0,68,,562,3,,,0,26,,571,3,,,0,66,,586,3,,,0,26,,584,3,,,0,71,,572,3,,,0,29,,573,3,,,0,70,,563,3,,,0,32,,574,3,,,0,70,,582,3,,,0,37,,564,3,,,0,75,,591,3,,,0,25,,587,3,,,0,62,,575,3,,,0,29,,583,3,,,0,73,,590,3,,,0,30,,565,3,,,0,26,,576,3,,,0,72,,577,3,,,0,20,,581,3,,,0,72,,578,3,,,0,29,,588,3,,,0,70,,566,3,,,0,92,,589,3,,,0,96,,579,3,,,0,35,,568,3,,,0,92,,580,3,,,0,95,,567,3,,,0
9000,'5316',519,,913,3,,,0,28,,937,3,,,0,75,,921,3,,,0,22,,922,3,,,0,68,,914,3,,,0,26,,923,3,,,0,66,,938,3,,,0,26,,936,3,,,0,71,,924,3,,,0,29,,925,3,,,0,70,,915,3,,,0,32,,926,3,,,0,70,,934,3,,,0,37,,916,3,,,0,100,,939,3,,,0,62,,927,3,,,0,29,,935,3,,,0,103,,917,3,,,0,26,,928,3,,,0,72,,929,3,,,0,20,,933,3,,,0,72,,930,3,,,0,29,,940,3,,,0,70,,918,3,,,0,92,,941,3,,,0,96,,931,3,,,0,35,,920,3,,,0,92,,932,3,,,0,95,,919,3,,,0
9000,'5317',1214,,943,3,,,0,189,,942,3,,,0
