9000,'4706',549,,211,42,,,0,104,,219,42,,,0,160,,221,42,,,0,27,,236,42,,,0,163,,223,42,,,0,30,,213,42,,,0,179,,214,42,,,0,296,,215,42,,,0,100,,227,42,,,0,120,,238,42,,,0,125,,239,42,,,0,255,,230,42,,,0
9000,'4707',1248,,241,42,,,0,190,,240,42,,,0
9000,'4890',1248,,243,42,,,0,190,,242,42,,,0
9000,'5009',913,,245,42,,,0,423,,333,42,,,0,268,,334,42,,,0,119,,251,42,,,0,220,,253,42,,,0
9000,'5010',913,,258,42,,,0,423,,336,42,,,0,268,,337,42,,,0,119,,264,42,,,0,220,,266,42,,,0
9000,'5106',549,,559,42,,,0,104,,567,42,,,0,160,,569,42,,,0,27,,584,42,,,0,163,,571,42,,,0,30,,561,42,,,0,179,,562,42,,,0,296,,563,42,,,0,100,,575,42,,,0,120,,586,42,,,0,120,,587,42,,,0,260,,578,42,,,0
9000,'5107',1248,,589,42,,,0,190,,588,42,,,0
9000,'5108',1248,,591,42,,,0,190,,590,42,,,0
9000,'5109',913,,593,42,,,0,425,,594,42,,,0,264,,595,42,,,0,116,,607,42,,,0,10,,599,42,,,0,215,,601,42,,,0
9000,'5110',913,,609,42,,,0,425,,610,42,,,0,265,,611,42,,,0,25,,624,42,,,0,90,,622,42,,,0,10,,615,42,,,0,215,,617,42,,,0
