400,'4706',635,,187,53,,,0,165,,188,53,,,0,235,,189,53,,,0,220,,190,53,,,0,155,,191,53,,,0,410,,186,53,,,0,185,,185,53,,,0
400,'4707',1658,,193,53,,,0,658,,192,57,,,0
400,'4890',1658,,194,53,,,0
400,'5009',748,,202,53,,,0,280,,197,53,,,0,120,,196,53,,,0,209,,199,53,,,0,251,,198,53,,,0,222,,200,53,,,0,121,,201,53,,,0,305,,195,53,,,0
400,'5010',748,,210,53,,,0,280,,205,53,,,0,120,,204,53,,,0,209,,207,53,,,0,251,,206,53,,,0,222,,208,53,,,0,121,,209,53,,,0,305,,203,53,,,0
400,'5106',635,,535,53,,,0,165,,536,53,,,0,235,,537,53,,,0,220,,538,53,,,0,155,,539,53,,,0,410,,534,53,,,0,180,,533,53,,,0
400,'5107',1658,,540,53,,,0
400,'5108',1658,,542,53,,,0,658,,541,57,,,0
400,'5109',746,,550,53,,,0,283,,545,53,,,0,122,,544,53,,,0,208,,547,53,,,0,245,,546,53,,,0,223,,548,53,,,0,125,,549,53,,,0,301,,543,53,,,0
400,'5110',746,,558,53,,,0,284,,553,53,,,0,119,,552,53,,,0,207,,555,53,,,0,253,,554,53,,,0,222,,556,53,,,0,121,,557,53,,,0,301,,551,53,,,0
