100,'4822',529,,691,48,,,0,223,,692,48,,,0,262,,693,48,,,0,211,,694,48,,,0,217,,695,48,,,0,264,,696,48,,,0,119,,697,48,,,0,222,,698,48,,,0,95,,700,48,,,0,205,,699,48,,,0
100,'4826',529,,701,48,,,0,223,,702,48,,,0,262,,703,48,,,0,211,,704,48,,,0,217,,705,48,,,0,264,,706,48,,,0,124,,707,48,,,0,217,,708,48,,,0,95,,371,48,,,0,205,,709,48,,,0
100,'5106',1224,,360,54,0,5 6 2,0,107,,346,48,,,0,374,,347,54,0,5 6 2,0
100,'5315',538,,355,48,,,0,81,,357,48,,,0,132,,354,48,,,0,99,,359,54,0,5 6 2,0,161,,356,48,,,0,105,,358,48,,,0,328,,361,54,0,5 6 2,0,156,,345,48,,,0,224,,349,48,,,0,101,,350,48,,,0,126,,351,48,,,0,90,,348,48,,,0,113,,352,48,0,7 8,0,78,,353,48,,,0
100,'5316',538,,718,48,,,0,81,,720,48,,,0,132,,717,48,,,0,99,,722,54,0,5 6 2,0,161,,719,48,,,0,105,,721,48,,,0,328,,723,54,0,5 6 2,0,156,,710,48,,,0,224,,712,48,,,0,101,,713,48,,,0,126,,714,48,,,0,90,,711,48,,,0,113,,715,48,0,7 8,0,78,,716,48,,,0
9000,'4822',642,,878,34,,,0,158,,888,34,,,0,105,,879,34,,,0,110,,891,34,,,0,10,,890,34,,,0,95,,883,34,,,0,120,,889,34,,,0,89,,880,34,,,0,118,,886,34,,,0,10,,893,34,,,0,97,,881,34,,,0,65,,894,34,,,0,90,,892,34,,,0,10,,885,34,,,0,111,,884,34,,,0,105,,887,34,,,0,119,,882,34,,,0
9000,'4826',642,,895,34,,,0,158,,905,34,,,0,105,,896,34,,,0,110,,908,34,,,0,10,,907,34,,,0,95,,900,34,,,0,110,,909,34,,,0,11,,906,34,,,0,88,,897,34,,,0,128,,903,34,,,0,96,,898,34,,,0,156,,910,34,,,0,10,,902,34,,,0,109,,901,34,,,0,107,,904,34,,,0,119,,899,34,,,0
9000,'4967',1240,,912,34,,,0,190,,911,34,,,0
9000,'5315',542,,561,34,,,0,68,,585,34,,,0,35,,569,34,,,0,63,,570,34,,,0,29,,562,34,,,0,67,,571,34,,,0,26,,586,34,,,0,26,,584,34,,,0,71,,572,34,,,0,28,,573,34,,,0,70,,563,34,,,0,32,,574,34,,,0,70,,582,34,,,0,77,,564,34,,,0,36,,591,34,,,0,65,,587,34,,,0,22,,575,34,,,0,30,,583,34,,,0,73,,590,34,,,0,70,,565,34,,,0,26,,576,34,,,0,32,,577,34,,,0,60,,581,34,,,0,32,,578,34,,,0,69,,588,34,,,0,29,,566,34,,,0,92,,589,34,,,0,94,,579,34,,,0,75,,568,34,,,0,91,,580,34,,,0,54,,567,34,,,0
9000,'5316',542,,913,34,,,0,68,,937,34,,,0,35,,921,34,,,0,63,,922,34,,,0,29,,914,34,,,0,67,,923,34,,,0,26,,938,34,,,0,26,,936,34,,,0,71,,924,34,,,0,28,,925,34,,,0,70,,915,34,,,0,32,,926,34,,,0,70,,934,34,,,0,77,,916,34,,,0,101,,939,34,,,0,22,,927,34,,,0,30,,935,34,,,0,143,,917,34,,,0,26,,928,34,,,0,32,,929,34,,,0,60,,933,34,,,0,32,,930,34,,,0,69,,940,34,,,0,29,,918,34,,,0,92,,941,34,,,0,94,,931,34,,,0,75,,920,34,,,0,91,,932,34,,,0,54,,919,34,,,0
9000,'5317',1240,,943,34,,,0,190,,942,34,,,0
