400,'4706',616,,187,31,,,0,125,,188,31,,,0,275,,189,31,,,0,220,,190,31,,,0,115,,191,31,,,0,450,,186,31,,,0,145,,185,31,,,0
400,'4707',1640,,193,31,,,0,617,,192,35,,,0
400,'4890',1640,,194,31,,,0
400,'5009',727,,202,31,,,0,280,,197,31,,,0,120,,196,31,,,0,209,,199,31,,,0,210,,198,31,,,0,263,,200,31,,,0,121,,201,31,,,0,306,,195,31,,,0
400,'5010',727,,210,31,,,0,280,,205,31,,,0,120,,204,31,,,0,209,,207,31,,,0,210,,206,31,,,0,263,,208,31,,,0,121,,209,31,,,0,306,,203,31,,,0
400,'5106',616,,535,31,,,0,125,,536,31,,,0,275,,537,31,,,0,220,,538,31,,,0,115,,539,31,,,0,450,,534,31,,,0,140,,533,31,,,0
400,'5107',1640,,540,31,,,0
400,'5108',1640,,542,31,,,0,617,,541,35,,,0
400,'5109',726,,550,31,,,0,281,,545,31,,,0,122,,544,31,,,0,207,,547,31,,,0,206,,546,31,,,0,264,,548,31,,,0,126,,549,31,,,0,302,,543,31,,,0
400,'5110',726,,558,31,,,0,281,,553,31,,,0,121,,552,31,,,0,205,,555,31,,,0,214,,554,31,,,0,262,,556,31,,,0,123,,557,31,,,0,302,,551,31,,,0
