300,'4706',647,,132,7,0,9 10,0,187,,133,7,0,9 10,0,292,,134,7,0,9 10,0,178,,135,7,0,9 10,0,123,,129,7,0,9 10,0,221,,131,7,0,9 10,0,265,,130,7,0,9 10,0
300,'4707',1724,,136,7,0,9 10,0,423,,137,7,0,9 10,0
300,'4890',1724,,138,7,0,9 10,0
300,'5009',622,,146,7,0,9 10,0,179,,140,7,0,9 10,0,124,,147,7,0,9 10,0,131,,141,7,0,9 10,0,186,,142,7,0,9 10,0,258,,143,7,0,9 10,0,205,,144,7,0,9 10,0,137,,145,7,0,9 10,0,277,,139,7,0,9 10,0
300,'5010',622,,155,7,0,9 10,0,179,,149,7,0,9 10,0,124,,156,7,0,9 10,0,131,,150,7,0,9 10,0,186,,151,7,0,9 10,0,258,,152,7,0,9 10,0,205,,153,7,0,9 10,0,137,,154,7,0,9 10,0,277,,148,7,0,9 10,0
300,'5106',647,,480,7,0,9 10,0,179,,481,7,0,9 10,0,300,,482,7,0,9 10,0,178,,483,7,0,9 10,0,123,,477,7,0,9 10,0,221,,479,7,0,9 10,0,265,,478,7,0,9 10,0
300,'5107',1724,,484,7,0,9 10,0
300,'5108',1724,,485,7,0,9 10,0,423,,486,7,0,9 10,0
300,'5109',622,,494,7,0,9 10,0,179,,488,7,0,9 10,0,124,,495,7,0,9 10,0,130,,489,7,0,9 10,0,187,,490,7,0,9 10,0,258,,491,7,0,9 10,0,205,,492,7,0,9 10,0,134,,493,7,0,9 10,0,280,,487,7,0,9 10,0
300,'5110',622,,503,7,0,9 10,0,179,,497,7,0,9 10,0,124,,504,7,0,9 10,0,130,,498,7,0,9 10,0,187,,499,7,0,9 10,0,262,,500,7,0,9 10,0,199,,501,7,0,9 10,0,136,,502,7,0,9 10,0,283,,496,7,0,9 10,0
