100,'4822',545,,691,74,,,0,264,,692,74,,,0,223,,693,74,,,0,211,,694,74,,,0,257,,695,74,,,0,224,,696,74,,,0,118,,697,74,,,0,261,,698,74,,,0,55,,700,74,,,0,245,,699,74,,,0
100,'4826',545,,701,74,,,0,264,,702,74,,,0,223,,703,74,,,0,211,,704,74,,,0,257,,705,74,,,0,224,,706,74,,,0,123,,707,74,,,0,256,,708,74,,,0,55,,371,74,,,0,245,,709,74,,,0
100,'5106',1244,,360,80,0,5 6 2,0,105,,346,74,,,0,375,,347,80,0,5 6 2,0
100,'5315',554,,355,74,,,0,81,,357,74,,,0,174,,354,74,,,0,100,,359,80,0,5 6 2,0,120,,356,74,,,0,105,,358,74,,,0,370,,361,80,0,5 6 2,0,114,,345,74,,,0,224,,349,74,,,0,100,,350,74,,,0,166,,351,74,,,0,50,,348,74,,,0,191,,353,74,,,0
100,'5316',554,,718,74,,,0,81,,720,74,,,0,174,,717,74,,,0,100,,722,80,0,5 6 2,0,120,,719,74,,,0,105,,721,74,,,0,370,,723,80,0,5 6 2,0,114,,710,74,,,0,224,,712,74,,,0,100,,713,74,,,0,166,,714,74,,,0,50,,711,74,,,0,191,,716,74,,,0
101,'4822',620,,724,24,,,0,232,,728,24,,,0,262,,730,24,,,0,220,,729,24,,,0,213,,731,24,,,0,260,,732,24,,,0,125,,727,24,,,0,215,,726,24,,,0,95,,733,24,,,0,204,,725,24,,,0
101,'4826',620,,734,24,,,0,232,,738,24,,,0,262,,740,24,,,0,220,,739,24,,,0,213,,741,24,,,0,260,,742,24,,,0,125,,737,24,,,0,215,,736,24,,,0,95,,408,24,,,0,204,,735,24,,,0
101,'5106',1332,,398,24,,,0,114,,397,24,,,0,360,,384,24,,,0
101,'5315',635,,391,24,,,0,82,,395,24,,,0,135,,392,24,,,0,154,,393,24,,,0,105,,394,24,,,0,104,,396,24,,,0,331,,382,24,,,0,160,,383,24,,,0,220,,385,24,,,0,100,,386,24,,,0,120,,387,24,,,0,100,,388,24,,,0,68,,389,4,,,0,133,,390,24,,,0
101,'5316',635,,751,24,,,0,82,,755,24,,,0,135,,752,24,,,0,154,,753,24,,,0,105,,754,24,,,0,104,,756,24,,,0,331,,743,24,,,0,160,,744,24,,,0,220,,745,24,,,0,100,,746,24,,,0,120,,747,24,,,0,100,,748,24,,,0,68,,749,4,,,0,133,,750,24,,,0
