9001,'4706',618,,270,22,,,0,31,,277,25,,,0,75,,278,25,,,0,34,,279,25,,,0,69,,295,22,,,0,24,,271,25,,,0,65,,280,25,,,0,24,,281,25,,,0,73,,282,25,,,0,27,,292,22,,,0,71,,273,25,,,0,38,,283,22,,,0,72,,293,25,,,0,35,,284,25,,,0,146,,290,25,,,0,15,,286,25,,,0,33,,294,25,,,0,99,,272,25,,,0,67,,287,22,,,0,31,,285,25,,,0,68,,297,22,,,0,24,,291,22,,,0,67,,288,25,,,0,30,,298,25,,,0,92,,276,25,,,0,96,,274,22,,,0,77,,296,25,,,0,45,,289,25,,,0,100,,275,25,,,0
9001,'4707',1330,,299,22,,,0,193,,300,22,,,0
9001,'4890',1330,,301,22,,,0,193,,302,22,,,0
9001,'5009',731,,308,25,,,0,118,,310,22,,,0,102,,307,25,,,0,159,,315,22,,,0,98,,340,22,,,0,124,,314,25,,,0,88,,339,25,,,0,128,,311,22,,,0,89,,341,25,,,0,168,,312,22,,,0,124,,313,22,,,0,97,,304,25,,,0,120,,303,25,,,0
9001,'5010',731,,321,25,,,0,118,,323,22,,,0,102,,320,25,,,0,159,,328,22,,,0,98,,343,22,,,0,124,,327,25,,,0,88,,342,25,,,0,128,,324,22,,,0,89,,344,25,,,0,168,,325,22,,,0,124,,326,22,,,0,97,,317,25,,,0,120,,316,25,,,0
9001,'5106',618,,625,22,,,0,31,,632,25,,,0,75,,633,25,,,0,34,,634,25,,,0,69,,650,22,,,0,24,,626,25,,,0,65,,635,25,,,0,24,,636,25,,,0,73,,637,25,,,0,27,,647,22,,,0,71,,628,25,,,0,38,,638,22,,,0,72,,648,25,,,0,35,,639,25,,,0,146,,645,25,,,0,15,,641,25,,,0,33,,649,25,,,0,99,,627,25,,,0,67,,642,22,,,0,31,,640,25,,,0,58,,652,22,,,0,34,,646,22,,,0,67,,643,25,,,0,30,,653,25,,,0,95,,631,25,,,0,93,,629,22,,,0,77,,651,25,,,0,45,,644,25,,,0,100,,630,25,,,0
9001,'5107',1330,,654,22,,,0,193,,655,22,,,0
9001,'5108',1330,,656,22,,,0,193,,657,22,,,0
9001,'5109',732,,663,25,,,0,118,,665,22,,,0,101,,662,25,,,0,159,,670,22,,,0,2,,671,22,,,0,98,,661,22,,,0,122,,669,25,,,0,2,,672,25,,,0,88,,660,25,,,0,124,,666,22,,,0,91,,664,25,,,0,168,,667,22,,,0,2,,673,22,,,0,122,,668,22,,,0,97,,659,25,,,0,120,,658,25,,,0
9001,'5110',732,,679,25,,,0,118,,681,22,,,0,101,,678,25,,,0,159,,686,22,,,0,2,,687,22,,,0,98,,677,22,,,0,122,,685,25,,,0,90,,676,25,,,0,124,,682,22,,,0,5,,689,22,,,0,86,,680,25,,,0,70,,690,25,,,0,98,,683,22,,,0,2,,688,22,,,0,122,,684,22,,,0,97,,675,25,,,0,120,,674,25,,,0
