100,'4706',545,,11,57,,,0,81,,13,57,,,0,132,,10,57,,,0,100,,15,63,0,5 6 2,0,165,,12,57,,,0,100,,14,57,,,0,109,,16,63,0,5 6 2,0,106,,2,57,,,0,114,,17,63,0,5 6 2,0,95,,1,57,,,0,166,,3,63,0,5 6 2,0,124,,5,57,,,0,100,,6,57,,,0,121,,7,57,,,0,95,,4,57,,,0,148,,8,57,0,7 8,0,38,,9,57,,,0
100,'5009',535,,18,57,,,0,223,,19,57,,,0,261,,20,57,,,0,211,,21,57,,,0,217,,22,57,,,0,265,,23,57,,,0,125,,24,57,,,0,216,,25,57,,,0,300,,26,57,,,0
100,'5010',535,,27,57,,,0,223,,28,57,,,0,261,,29,57,,,0,211,,30,57,,,0,217,,31,57,,,0,265,,32,57,,,0,125,,33,57,,,0,216,,34,57,,,0,300,,35,57,,,0
100,'5106',545,,355,57,,,0,81,,357,57,,,0,132,,354,57,,,0,100,,359,63,0,5 6 2,0,160,,356,57,,,0,105,,358,57,,,0,109,,360,63,0,5 6 2,0,106,,346,57,,,0,114,,361,63,0,5 6 2,0,155,,345,57,,,0,106,,347,63,0,5 6 2,0,118,,349,57,,,0,101,,350,57,,,0,126,,351,57,,,0,90,,348,57,,,0,153,,352,57,0,7 8,0,38,,353,57,,,0
100,'5109',536,,362,57,,,0,223,,363,57,,,0,263,,364,57,,,0,211,,365,57,,,0,216,,366,57,,,0,264,,367,57,,,0,124,,368,57,,,0,217,,369,57,,,0,95,,371,57,,,0,205,,370,57,,,0
100,'5110',536,,372,57,,,0,223,,373,57,,,0,263,,374,57,,,0,211,,375,57,,,0,216,,376,57,,,0,264,,377,57,,,0,119,,378,57,,,0,222,,379,57,,,0,95,,381,57,,,0,205,,380,57,,,0
9000,'4706',544,,211,35,,,0,68,,235,35,,,0,35,,219,35,,,0,62,,220,35,,,0,29,,212,35,,,0,67,,221,35,,,0,27,,236,35,,,0,26,,234,35,,,0,70,,222,35,,,0,28,,223,35,,,0,70,,213,35,,,0,32,,224,35,,,0,70,,232,35,,,0,77,,214,35,,,0,101,,237,35,,,0,22,,225,35,,,0,30,,233,35,,,0,143,,215,35,,,0,27,,226,35,,,0,72,,227,35,,,0,26,,231,35,,,0,25,,228,35,,,0,69,,238,35,,,0,29,,216,35,,,0,97,,239,35,,,0,89,,229,35,,,0,75,,218,35,,,0,92,,230,35,,,0,54,,217,35,,,0
9000,'4707',1241,,241,35,,,0,190,,240,35,,,0
9000,'4890',1241,,243,35,,,0,190,,242,35,,,0
9000,'5009',643,,244,35,,,0,161,,254,35,,,0,101,,245,35,,,0,119,,256,35,,,0,95,,335,35,,,0,119,,255,35,,,0,91,,333,35,,,0,129,,252,35,,,0,98,,334,35,,,0,159,,251,35,,,0,109,,250,35,,,0,112,,253,35,,,0,119,,248,35,,,0
9000,'5010',643,,257,35,,,0,161,,267,35,,,0,101,,258,35,,,0,119,,269,35,,,0,95,,338,35,,,0,119,,268,35,,,0,91,,336,35,,,0,129,,265,35,,,0,98,,337,35,,,0,159,,264,35,,,0,109,,263,35,,,0,112,,266,35,,,0,119,,261,35,,,0
9000,'5106',544,,559,35,,,0,68,,583,35,,,0,35,,567,35,,,0,62,,568,35,,,0,29,,560,35,,,0,67,,569,35,,,0,27,,584,35,,,0,26,,582,35,,,0,70,,570,35,,,0,28,,571,35,,,0,70,,561,35,,,0,32,,572,35,,,0,70,,580,35,,,0,77,,562,35,,,0,101,,585,35,,,0,22,,573,35,,,0,30,,581,35,,,0,143,,563,35,,,0,27,,574,35,,,0,72,,575,35,,,0,19,,579,35,,,0,32,,576,35,,,0,69,,586,35,,,0,29,,564,35,,,0,92,,587,35,,,0,94,,577,35,,,0,75,,566,35,,,0,92,,578,35,,,0,54,,565,35,,,0
9000,'5107',1241,,589,35,,,0,190,,588,35,,,0
9000,'5108',1241,,591,35,,,0,190,,590,35,,,0
9000,'5109',644,,592,35,,,0,158,,602,35,,,0,104,,593,35,,,0,110,,605,35,,,0,10,,604,35,,,0,95,,597,35,,,0,110,,606,35,,,0,11,,603,35,,,0,89,,594,35,,,0,128,,600,35,,,0,96,,595,35,,,0,156,,607,35,,,0,10,,599,35,,,0,108,,598,35,,,0,107,,601,35,,,0,119,,596,35,,,0
9000,'5110',644,,608,35,,,0,158,,618,35,,,0,104,,609,35,,,0,110,,621,35,,,0,10,,620,35,,,0,95,,613,35,,,0,120,,619,35,,,0,90,,610,35,,,0,118,,616,35,,,0,10,,623,35,,,0,97,,611,35,,,0,65,,624,35,,,0,90,,622,35,,,0,10,,615,35,,,0,110,,614,35,,,0,105,,617,35,,,0,119,,612,35,,,0
