100,'4532',538,,1010,60,,,0,263,,1011,60,,,0,224,,1012,60,,,0,211,,1013,60,,,0,218,,1014,60,,,0,260,,1015,60,,,0,126,,1016,60,,,0,216,,1017,60,,,0,95,,1019,60,,,0,206,,1018,60,,,0
100,'5106',548,,718,60,,,0,81,,720,60,,,0,172,,717,60,,,0,100,,722,66,0,5 6 2,0,120,,719,60,,,0,105,,721,60,,,0,109,,360,66,0,5 6 2,0,106,,346,60,,,0,114,,723,66,0,5 6 2,0,155,,710,60,,,0,106,,347,66,0,5 6 2,0,118,,712,60,,,0,101,,713,60,,,0,166,,714,60,,,0,50,,711,60,,,0,153,,715,60,0,7 8,0,38,,716,60,,,0
100,'5224',548,,1030,60,,,0,81,,1032,60,,,0,172,,1029,60,,,0,100,,1034,66,0,5 6 2,0,120,,1031,60,,,0,105,,1033,60,,,0,109,,1035,66,0,5 6 2,0,106,,1021,60,,,0,114,,1036,66,0,5 6 2,0,155,,1020,60,,,0,106,,1022,66,0,5 6 2,0,113,,1024,60,,,0,106,,1025,60,,,0,166,,1026,60,,,0,50,,1023,60,,,0,153,,1027,60,0,7 8,0,38,,1028,60,,,0
100,'5228',539,,1037,60,,,0,264,,1038,60,,,0,223,,1039,60,,,0,210,,1040,60,,,0,220,,1041,60,,,0,260,,1042,60,,,0,115,,1043,60,,,0,225,,1044,60,,,0,95,,1046,60,,,0,206,,1045,60,,,0
9000,'4532',646,,1220,38,,,0,163,,1230,38,,,0,210,,1233,38,,,0,10,,1232,38,,,0,115,,1225,38,,,0,90,,1234,38,,,0,10,,1231,38,,,0,258,,1228,38,,,0,335,,1226,38,,,0,221,,1224,38,,,0
9000,'5106',614,,937,38,,,0,98,,922,38,,,0,29,,914,38,,,0,160,,936,38,,,0,30,,924,38,,,0,170,,926,38,,,0,30,,934,38,,,0,178,,939,38,,,0,22,,927,38,,,0,70,,935,38,,,0,130,,928,38,,,0,91,,933,38,,,0,32,,930,38,,,0,98,,918,38,,,0,186,,931,38,,,0,75,,920,38,,,0,145,,919,38,,,0
9000,'5224',614,,1260,38,,,0,98,,1245,38,,,0,28,,1237,38,,,0,161,,1259,38,,,0,26,,1247,38,,,0,174,,1249,38,,,0,41,,1257,38,,,0,167,,1262,38,,,0,92,,1258,38,,,0,221,,1256,38,,,0,32,,1252,38,,,0,98,,1241,38,,,0,186,,1253,38,,,0,75,,1243,38,,,0,145,,1242,38,,,0
9000,'5225',1331,,1264,38,,,0,200,,1265,38,,,0
9000,'5226',1331,,1267,38,,,0,200,,1268,38,,,0
9000,'5228',646,,1270,38,,,0,163,,1278,38,,,0,210,,1285,38,,,0,10,,1280,38,,,0,115,,1274,38,,,0,99,,1279,38,,,0,210,,1284,38,,,0,50,,1281,38,,,0,335,,1275,38,,,0,221,,1273,38,,,0
