9001,'4706',616,,270,20,,,0,31,,277,23,,,0,75,,278,23,,,0,34,,279,23,,,0,69,,295,20,,,0,24,,271,23,,,0,65,,280,23,,,0,24,,281,23,,,0,73,,282,23,,,0,27,,292,20,,,0,71,,273,23,,,0,38,,283,20,,,0,72,,293,23,,,0,35,,284,23,,,0,146,,290,23,,,0,15,,286,23,,,0,33,,294,23,,,0,99,,272,23,,,0,67,,287,20,,,0,31,,285,23,,,0,68,,297,20,,,0,24,,291,20,,,0,67,,288,23,,,0,30,,298,23,,,0,92,,276,23,,,0,96,,274,20,,,0,37,,296,23,,,0,85,,289,23,,,0,100,,275,23,,,0
9001,'4707',1328,,299,20,,,0,193,,300,20,,,0
9001,'4890',1328,,301,20,,,0,193,,302,20,,,0
9001,'5009',729,,308,23,,,0,118,,310,20,,,0,102,,307,23,,,0,159,,315,20,,,0,98,,340,20,,,0,124,,314,23,,,0,88,,339,23,,,0,128,,311,20,,,0,89,,341,23,,,0,168,,312,20,,,0,124,,313,20,,,0,97,,304,23,,,0,120,,303,23,,,0
9001,'5010',729,,321,23,,,0,118,,323,20,,,0,102,,320,23,,,0,159,,328,20,,,0,98,,343,20,,,0,124,,327,23,,,0,88,,342,23,,,0,128,,324,20,,,0,89,,344,23,,,0,168,,325,20,,,0,124,,326,20,,,0,97,,317,23,,,0,120,,316,23,,,0
9001,'5106',616,,625,20,,,0,31,,632,23,,,0,75,,633,23,,,0,34,,634,23,,,0,69,,650,20,,,0,24,,626,23,,,0,65,,635,23,,,0,24,,636,23,,,0,73,,637,23,,,0,27,,647,20,,,0,71,,628,23,,,0,38,,638,20,,,0,72,,648,23,,,0,35,,639,23,,,0,146,,645,23,,,0,15,,641,23,,,0,33,,649,23,,,0,99,,627,23,,,0,67,,642,20,,,0,31,,640,23,,,0,58,,652,20,,,0,34,,646,20,,,0,67,,643,23,,,0,30,,653,23,,,0,95,,631,23,,,0,93,,629,20,,,0,37,,651,23,,,0,85,,644,23,,,0,100,,630,23,,,0
9001,'5107',1328,,654,20,,,0,193,,655,20,,,0
9001,'5108',1328,,656,20,,,0,193,,657,20,,,0
9001,'5109',730,,663,23,,,0,118,,665,20,,,0,101,,662,23,,,0,159,,670,20,,,0,2,,671,20,,,0,98,,661,20,,,0,122,,669,23,,,0,2,,672,23,,,0,88,,660,23,,,0,124,,666,20,,,0,91,,664,23,,,0,168,,667,20,,,0,2,,673,20,,,0,122,,668,20,,,0,97,,659,23,,,0,120,,658,23,,,0
9001,'5110',730,,679,23,,,0,118,,681,20,,,0,101,,678,23,,,0,159,,686,20,,,0,2,,687,20,,,0,98,,677,20,,,0,122,,685,23,,,0,90,,676,23,,,0,124,,682,20,,,0,5,,689,20,,,0,86,,680,23,,,0,70,,690,23,,,0,98,,683,20,,,0,2,,688,20,,,0,122,,684,20,,,0,97,,675,23,,,0,120,,674,23,,,0
