9000,'4706',538,,211,28,,,0,68,,235,28,,,0,35,,219,28,,,0,62,,220,28,,,0,29,,212,28,,,0,27,,221,28,,,0,66,,236,28,,,0,26,,234,28,,,0,71,,222,28,,,0,28,,223,28,,,0,70,,213,28,,,0,32,,224,28,,,0,70,,232,28,,,0,37,,214,28,,,0,141,,237,28,,,0,22,,225,28,,,0,30,,233,28,,,0,103,,215,28,,,0,66,,226,28,,,0,32,,227,28,,,0,67,,231,28,,,0,25,,228,28,,,0,69,,238,28,,,0,29,,216,28,,,0,97,,239,28,,,0,89,,229,28,,,0,75,,218,28,,,0,52,,230,28,,,0,94,,217,28,,,0
9000,'4707',1235,,241,28,,,0,190,,240,28,,,0
9000,'4890',1235,,243,28,,,0,190,,242,28,,,0
9000,'5009',637,,244,28,,,0,121,,254,28,,,0,100,,245,28,,,0,160,,256,28,,,0,95,,335,28,,,0,119,,255,28,,,0,91,,333,28,,,0,129,,252,28,,,0,97,,334,28,,,0,160,,251,28,,,0,109,,250,28,,,0,112,,253,28,,,0,119,,248,28,,,0
9000,'5010',637,,257,28,,,0,121,,267,28,,,0,100,,258,28,,,0,160,,269,28,,,0,95,,338,28,,,0,119,,268,28,,,0,91,,336,28,,,0,129,,265,28,,,0,97,,337,28,,,0,160,,264,28,,,0,109,,263,28,,,0,112,,266,28,,,0,119,,261,28,,,0
9000,'5106',538,,559,28,,,0,68,,583,28,,,0,35,,567,28,,,0,62,,568,28,,,0,29,,560,28,,,0,27,,569,28,,,0,66,,584,28,,,0,26,,582,28,,,0,71,,570,28,,,0,28,,571,28,,,0,70,,561,28,,,0,32,,572,28,,,0,70,,580,28,,,0,37,,562,28,,,0,141,,585,28,,,0,22,,573,28,,,0,30,,581,28,,,0,103,,563,28,,,0,66,,574,28,,,0,32,,575,28,,,0,60,,579,28,,,0,32,,576,28,,,0,69,,586,28,,,0,29,,564,28,,,0,92,,587,28,,,0,94,,577,28,,,0,75,,566,28,,,0,52,,578,28,,,0,94,,565,28,,,0
9000,'5107',1235,,589,28,,,0,190,,588,28,,,0
9000,'5108',1235,,591,28,,,0,190,,590,28,,,0
9000,'5109',638,,592,28,,,0,118,,602,28,,,0,144,,593,28,,,0,110,,605,28,,,0,10,,604,28,,,0,95,,597,28,,,0,110,,606,28,,,0,11,,603,28,,,0,88,,594,28,,,0,128,,600,28,,,0,96,,595,28,,,0,156,,607,28,,,0,10,,599,28,,,0,109,,598,28,,,0,107,,601,28,,,0,119,,596,28,,,0
9000,'5110',638,,608,28,,,0,118,,618,28,,,0,144,,609,28,,,0,110,,621,28,,,0,10,,620,28,,,0,95,,613,28,,,0,120,,619,28,,,0,89,,610,28,,,0,118,,616,28,,,0,10,,623,28,,,0,97,,611,28,,,0,65,,624,28,,,0,90,,622,28,,,0,10,,615,28,,,0,111,,614,28,,,0,105,,617,28,,,0,119,,612,28,,,0
