101,'4822',707,,724,89,,,0,233,,728,89,,,0,264,,730,89,,,0,220,,729,89,,,0,212,,731,89,,,0,219,,732,89,,,0,163,,727,89,,,0,215,,726,89,,,0,95,,733,89,,,0,202,,725,89,,,0
101,'4826',707,,734,89,,,0,233,,738,89,,,0,264,,740,89,,,0,220,,739,89,,,0,212,,741,89,,,0,219,,742,89,,,0,163,,737,89,,,0,215,,736,89,,,0,95,,408,89,,,0,202,,735,89,,,0
101,'5106',1423,,398,89,,,0,117,,397,95,,,0,312,,384,89,,,0
101,'5315',722,,391,89,,,0,85,,395,95,,,0,134,,392,89,,,0,114,,393,89,,,0,146,,394,89,,,0,108,,396,95,,,0,328,,382,89,,,0,121,,383,95,,,0,254,,385,89,,,0,100,,386,89,,,0,119,,387,89,,,0,99,,388,89,,,0,28,,389,69,,,0,173,,390,89,,,0
101,'5316',722,,751,89,,,0,85,,755,95,,,0,134,,752,89,,,0,114,,753,89,,,0,146,,754,89,,,0,108,,756,95,,,0,328,,743,89,,,0,121,,744,95,,,0,254,,745,89,,,0,100,,746,89,,,0,119,,747,89,,,0,99,,748,89,,,0,28,,749,69,,,0,173,,750,89,,,0
9001,'4822',753,,949,52,,,0,159,,951,49,,,0,102,,948,52,,,0,119,,956,49,,,0,2,,957,49,,,0,98,,947,49,,,0,123,,955,52,,,0,90,,946,52,,,0,164,,952,49,,,0,4,,959,49,,,0,86,,950,52,,,0,29,,960,52,,,0,98,,953,49,,,0,2,,958,49,,,0,121,,954,49,,,0,97,,945,52,,,0,160,,944,52,,,0
9001,'4826',753,,966,52,,,0,159,,968,49,,,0,102,,965,52,,,0,119,,973,49,,,0,2,,974,49,,,0,98,,964,49,,,0,123,,972,52,,,0,2,,975,52,,,0,88,,963,52,,,0,164,,969,49,,,0,90,,967,52,,,0,127,,970,49,,,0,2,,976,49,,,0,121,,971,49,,,0,97,,962,52,,,0,160,,961,52,,,0
9001,'4967',1354,,977,49,,,0,194,,978,49,,,0
9001,'5315',637,,627,49,,,0,71,,634,52,,,0,38,,635,52,,,0,76,,636,52,,,0,29,,652,49,,,0,61,,628,52,,,0,25,,637,52,,,0,22,,638,52,,,0,72,,639,52,,,0,27,,649,49,,,0,71,,630,52,,,0,81,,640,49,,,0,32,,650,52,,,0,77,,641,52,,,0,35,,656,49,,,0,72,,647,52,,,0,15,,643,52,,,0,72,,651,52,,,0,35,,657,49,,,0,65,,629,52,,,0,26,,644,49,,,0,71,,642,52,,,0,17,,654,49,,,0,74,,648,49,,,0,27,,645,52,,,0,29,,655,52,,,0,95,,633,52,,,0,92,,631,49,,,0,78,,653,52,,,0,85,,646,52,,,0,100,,632,52,,,0
9001,'5316',637,,979,49,,,0,71,,986,52,,,0,38,,987,52,,,0,76,,988,52,,,0,29,,1004,49,,,0,61,,980,52,,,0,25,,989,52,,,0,22,,990,52,,,0,72,,991,52,,,0,27,,1001,49,,,0,71,,982,52,,,0,81,,992,49,,,0,32,,1002,52,,,0,77,,993,52,,,0,107,,999,52,,,0,15,,995,52,,,0,72,,1003,52,,,0,100,,981,52,,,0,26,,996,49,,,0,71,,994,52,,,0,17,,1006,49,,,0,74,,1000,49,,,0,27,,997,52,,,0,29,,1007,52,,,0,95,,985,52,,,0,92,,983,49,,,0,78,,1005,52,,,0,85,,998,52,,,0,100,,984,52,,,0
9001,'5317',1354,,1008,49,,,0,194,,1009,49,,,0
