9000,'4706',547,,211,39,,,0,103,,219,39,,,0,159,,221,39,,,0,27,,236,39,,,0,164,,223,39,,,0,30,,213,39,,,0,179,,214,39,,,0,296,,215,39,,,0,99,,227,39,,,0,120,,238,39,,,0,126,,239,39,,,0,255,,230,39,,,0
9000,'4707',1245,,241,39,,,0,190,,240,39,,,0
9000,'4890',1245,,243,39,,,0,190,,242,39,,,0
9000,'5009',909,,245,39,,,0,424,,333,39,,,0,267,,334,39,,,0,119,,251,39,,,0,221,,253,39,,,0
9000,'5010',909,,258,39,,,0,424,,336,39,,,0,267,,337,39,,,0,119,,264,39,,,0,221,,266,39,,,0
9000,'5106',547,,559,39,,,0,103,,567,39,,,0,159,,569,39,,,0,27,,584,39,,,0,164,,571,39,,,0,30,,561,39,,,0,179,,562,39,,,0,296,,563,39,,,0,99,,575,39,,,0,120,,586,39,,,0,121,,587,39,,,0,260,,578,39,,,0
9000,'5107',1245,,589,39,,,0,190,,588,39,,,0
9000,'5108',1245,,591,39,,,0,190,,590,39,,,0
9000,'5109',910,,593,39,,,0,425,,594,39,,,0,224,,595,39,,,0,156,,607,39,,,0,10,,599,39,,,0,215,,601,39,,,0
9000,'5110',910,,609,39,,,0,425,,610,39,,,0,265,,611,39,,,0,25,,624,39,,,0,90,,622,39,,,0,10,,615,39,,,0,215,,617,39,,,0
