100,'4706',548,,11,62,,,0,81,,13,62,,,0,173,,10,62,,,0,100,,15,68,0,5 6 2,0,125,,12,62,,,0,100,,14,62,,,0,109,,16,68,0,5 6 2,0,106,,2,62,,,0,114,,17,68,0,5 6 2,0,95,,1,62,,,0,166,,3,68,0,5 6 2,0,124,,5,62,,,0,100,,6,62,,,0,161,,7,62,,,0,55,,4,62,,,0,148,,8,62,0,7 8,0,38,,9,62,,,0
100,'5010',538,,27,62,,,0,264,,28,62,,,0,221,,29,62,,,0,211,,30,62,,,0,217,,31,62,,,0,265,,32,62,,,0,125,,33,62,,,0,216,,34,62,,,0,300,,35,62,,,0
100,'5106',548,,355,62,,,0,81,,357,62,,,0,173,,354,62,,,0,100,,359,68,0,5 6 2,0,120,,356,62,,,0,105,,358,62,,,0,109,,360,68,0,5 6 2,0,106,,346,62,,,0,114,,361,68,0,5 6 2,0,155,,345,62,,,0,106,,347,68,0,5 6 2,0,118,,349,62,,,0,101,,350,62,,,0,166,,351,62,,,0,50,,348,62,,,0,153,,352,62,0,7 8,0,38,,353,62,,,0
100,'5109',539,,362,62,,,0,264,,363,62,,,0,223,,364,62,,,0,211,,365,62,,,0,216,,366,62,,,0,264,,367,62,,,0,124,,368,62,,,0,216,,369,62,,,0,95,,371,62,,,0,205,,370,62,,,0
100,'5110',539,,372,62,,,0,264,,373,62,,,0,223,,374,62,,,0,211,,375,62,,,0,216,,376,62,,,0,264,,377,62,,,0,119,,378,62,,,0,221,,379,62,,,0,95,,381,62,,,0,205,,380,62,,,0
9000,'4706',615,,235,40,,,0,98,,220,40,,,0,29,,212,40,,,0,160,,234,40,,,0,30,,222,40,,,0,170,,224,40,,,0,30,,232,40,,,0,178,,237,40,,,0,22,,225,40,,,0,70,,233,40,,,0,130,,226,40,,,0,98,,231,40,,,0,25,,228,40,,,0,98,,216,40,,,0,186,,229,40,,,0,75,,218,40,,,0,145,,217,40,,,0
9000,'5010',646,,257,40,,,0,162,,267,40,,,0,220,,269,40,,,0,95,,338,40,,,0,119,,268,40,,,0,260,,265,40,,,0,326,,263,40,,,0,231,,261,40,,,0
9000,'5106',615,,585,40,,,0,98,,570,40,,,0,29,,562,40,,,0,160,,584,40,,,0,30,,572,40,,,0,170,,574,40,,,0,30,,582,40,,,0,178,,587,40,,,0,22,,575,40,,,0,70,,583,40,,,0,130,,576,40,,,0,91,,581,40,,,0,32,,578,40,,,0,98,,566,40,,,0,186,,579,40,,,0,75,,568,40,,,0,145,,567,40,,,0
9000,'5109',647,,592,40,,,0,158,,602,40,,,0,215,,605,40,,,0,10,,604,40,,,0,95,,597,40,,,0,110,,606,40,,,0,11,,603,40,,,0,257,,600,40,,,0,330,,598,40,,,0,226,,596,40,,,0
9000,'5110',647,,608,40,,,0,158,,618,40,,,0,215,,621,40,,,0,10,,620,40,,,0,95,,613,40,,,0,120,,619,40,,,0,208,,616,40,,,0,50,,623,40,,,0,332,,614,40,,,0,224,,612,40,,,0
