9001,'4706',606,,270,7,,,0,208,,295,7,,,0,213,,292,7,,,0,109,,283,7,,,0,466,,287,7,,,0,100,,297,7,,,0,24,,291,7,,,0,285,,274,7,,,0
9001,'4707',1317,,299,7,,,0,191,,300,7,,,0
9001,'4890',1317,,301,7,,,0,191,,302,7,,,0
9001,'5009',836,,310,7,,,0,221,,315,7,,,0,98,,340,7,,,0,378,,311,7,,,0,219,,312,7,,,0,164,,313,7,,,0
9001,'5010',836,,323,7,,,0,221,,328,7,,,0,98,,343,7,,,0,378,,324,7,,,0,219,,325,7,,,0,164,,326,7,,,0
9001,'5106',606,,625,7,,,0,208,,650,7,,,0,213,,647,7,,,0,109,,638,7,,,0,466,,642,7,,,0,50,,652,7,,,0,74,,646,7,,,0,285,,629,7,,,0
9001,'5107',1317,,654,7,,,0,191,,655,7,,,0
9001,'5108',1317,,656,7,,,0,191,,657,7,,,0
9001,'5109',837,,665,7,,,0,220,,670,7,,,0,2,,671,7,,,0,98,,661,7,,,0,375,,666,7,,,0,220,,667,7,,,0,2,,673,7,,,0,162,,668,7,,,0
9001,'5110',837,,681,7,,,0,220,,686,7,,,0,2,,687,7,,,0,98,,677,7,,,0,375,,682,7,,,0,5,,689,7,,,0,215,,683,7,,,0,2,,688,7,,,0,162,,684,7,,,0
