400,'4706',622,,187,41,,,0,125,,188,41,,,0,275,,189,41,,,0,220,,190,41,,,0,115,,191,41,,,0,450,,186,41,,,0,145,,185,41,,,0
400,'4707',1646,,193,41,,,0,657,,192,45,,,0
400,'4890',1646,,194,41,,,0
400,'5009',733,,202,41,,,0,280,,197,41,,,0,120,,196,41,,,0,209,,199,41,,,0,211,,198,41,,,0,262,,200,41,,,0,122,,201,41,,,0,305,,195,41,,,0
400,'5010',733,,210,41,,,0,280,,205,41,,,0,120,,204,41,,,0,209,,207,41,,,0,211,,206,41,,,0,262,,208,41,,,0,122,,209,41,,,0,305,,203,41,,,0
400,'5106',622,,535,41,,,0,125,,536,41,,,0,275,,537,41,,,0,220,,538,41,,,0,115,,539,41,,,0,450,,534,41,,,0,140,,533,41,,,0
400,'5107',1646,,540,41,,,0
400,'5108',1646,,542,41,,,0,657,,541,45,,,0
400,'5109',732,,550,41,,,0,281,,545,41,,,0,122,,544,41,,,0,207,,547,41,,,0,206,,546,41,,,0,264,,548,41,,,0,126,,549,41,,,0,302,,543,41,,,0
400,'5110',732,,558,41,,,0,282,,553,41,,,0,119,,552,41,,,0,207,,555,41,,,0,213,,554,41,,,0,263,,556,41,,,0,122,,557,41,,,0,302,,551,41,,,0
