9000,'4706',548,,211,40,,,0,103,,219,40,,,0,159,,221,40,,,0,27,,236,40,,,0,164,,223,40,,,0,30,,213,40,,,0,179,,214,40,,,0,296,,215,40,,,0,99,,227,40,,,0,120,,238,40,,,0,126,,239,40,,,0,255,,230,40,,,0
9000,'4707',1246,,241,40,,,0,190,,240,40,,,0
9000,'4890',1246,,243,40,,,0,190,,242,40,,,0
9000,'5009',910,,245,40,,,0,424,,333,40,,,0,267,,334,40,,,0,119,,251,40,,,0,221,,253,40,,,0
9000,'5010',910,,258,40,,,0,424,,336,40,,,0,267,,337,40,,,0,119,,264,40,,,0,221,,266,40,,,0
9000,'5106',548,,559,40,,,0,103,,567,40,,,0,159,,569,40,,,0,27,,584,40,,,0,164,,571,40,,,0,30,,561,40,,,0,179,,562,40,,,0,296,,563,40,,,0,99,,575,40,,,0,120,,586,40,,,0,121,,587,40,,,0,260,,578,40,,,0
9000,'5107',1246,,589,40,,,0,190,,588,40,,,0
9000,'5108',1246,,591,40,,,0,190,,590,40,,,0
9000,'5109',911,,593,40,,,0,425,,594,40,,,0,264,,595,40,,,0,116,,607,40,,,0,10,,599,40,,,0,215,,601,40,,,0
9000,'5110',911,,609,40,,,0,425,,610,40,,,0,265,,611,40,,,0,25,,624,40,,,0,90,,622,40,,,0,10,,615,40,,,0,215,,617,40,,,0
