100,'4822',506,,691,11,,,0,221,,692,11,,,0,222,,693,11,,,0,210,,694,11,,,0,257,,695,11,,,0,224,,696,11,,,0,161,,697,11,,,0,222,,698,11,,,0,95,,700,11,,,0,205,,699,11,,,0
100,'4826',506,,701,11,,,0,221,,702,11,,,0,222,,703,11,,,0,210,,704,11,,,0,257,,705,11,,,0,224,,706,11,,,0,166,,707,11,,,0,217,,708,11,,,0,95,,371,11,,,0,205,,709,11,,,0
100,'5106',1156,,360,11,0,5 6 2,0,150,,346,11,,,0,330,,347,11,0,5 6 2,0
100,'5315',515,,355,11,,,0,41,,357,11,,,0,171,,354,11,,,0,95,,359,11,0,5 6 2,0,125,,356,11,,,0,105,,358,11,,,0,364,,361,11,0,5 6 2,0,119,,345,11,,,0,223,,349,11,,,0,143,,350,11,,,0,126,,351,11,,,0,90,,348,11,,,0,113,,352,11,0,7 8,0,79,,353,11,,,0
100,'5316',515,,718,11,,,0,41,,720,11,,,0,171,,717,11,,,0,95,,722,11,0,5 6 2,0,125,,719,11,,,0,105,,721,11,,,0,364,,723,11,0,5 6 2,0,119,,710,11,,,0,223,,712,11,,,0,143,,713,11,,,0,126,,714,11,,,0,90,,711,11,,,0,113,,715,11,0,7 8,0,79,,716,11,,,0
9000,'4822',625,,878,11,,,0,118,,888,11,,,0,103,,879,11,,,0,110,,891,11,,,0,50,,890,11,,,0,95,,883,11,,,0,120,,889,11,,,0,88,,880,11,,,0,118,,886,11,,,0,10,,893,11,,,0,97,,881,11,,,0,25,,894,11,,,0,90,,892,11,,,0,10,,885,11,,,0,151,,884,11,,,0,107,,887,11,,,0,119,,882,11,,,0
9000,'4826',625,,895,11,,,0,118,,905,11,,,0,103,,896,11,,,0,110,,908,11,,,0,50,,907,11,,,0,95,,900,11,,,0,110,,909,11,,,0,11,,906,11,,,0,87,,897,11,,,0,128,,903,11,,,0,96,,898,11,,,0,116,,910,11,,,0,10,,902,11,,,0,149,,901,11,,,0,109,,904,11,,,0,119,,899,11,,,0
9000,'4967',1221,,912,11,,,0,189,,911,11,,,0
9000,'5315',525,,561,11,,,0,28,,585,11,,,0,75,,569,11,,,0,22,,570,11,,,0,68,,562,11,,,0,27,,571,11,,,0,66,,586,11,,,0,26,,584,11,,,0,71,,572,11,,,0,29,,573,11,,,0,70,,563,11,,,0,32,,574,11,,,0,70,,582,11,,,0,37,,564,11,,,0,75,,591,11,,,0,25,,587,11,,,0,62,,575,11,,,0,29,,583,11,,,0,73,,590,11,,,0,30,,565,11,,,0,66,,576,11,,,0,32,,577,11,,,0,20,,581,11,,,0,72,,578,11,,,0,29,,588,11,,,0,70,,566,11,,,0,92,,589,11,,,0,95,,579,11,,,0,35,,568,11,,,0,92,,580,11,,,0,95,,567,11,,,0
9000,'5316',525,,913,11,,,0,28,,937,11,,,0,75,,921,11,,,0,22,,922,11,,,0,68,,914,11,,,0,27,,923,11,,,0,66,,938,11,,,0,26,,936,11,,,0,71,,924,11,,,0,29,,925,11,,,0,70,,915,11,,,0,32,,926,11,,,0,70,,934,11,,,0,37,,916,11,,,0,100,,939,11,,,0,62,,927,11,,,0,29,,935,11,,,0,103,,917,11,,,0,66,,928,11,,,0,32,,929,11,,,0,20,,933,11,,,0,72,,930,11,,,0,29,,940,11,,,0,70,,918,11,,,0,92,,941,11,,,0,95,,931,11,,,0,35,,920,11,,,0,92,,932,11,,,0,95,,919,11,,,0
9000,'5317',1221,,943,11,,,0,189,,942,11,,,0
