400,'4706',628,,187,47,,,0,125,,188,47,,,0,275,,189,47,,,0,220,,190,47,,,0,155,,191,47,,,0,410,,186,47,,,0,145,,185,47,,,0
400,'4707',1652,,193,47,,,0,657,,192,51,,,0
400,'4890',1652,,194,47,,,0
400,'5009',739,,202,47,,,0,281,,197,47,,,0,120,,196,47,,,0,209,,199,47,,,0,251,,198,47,,,0,221,,200,47,,,0,123,,201,47,,,0,305,,195,47,,,0
400,'5010',739,,210,47,,,0,281,,205,47,,,0,120,,204,47,,,0,209,,207,47,,,0,251,,206,47,,,0,221,,208,47,,,0,123,,209,47,,,0,305,,203,47,,,0
400,'5106',628,,535,47,,,0,125,,536,47,,,0,275,,537,47,,,0,220,,538,47,,,0,155,,539,47,,,0,410,,534,47,,,0,140,,533,47,,,0
400,'5107',1652,,540,47,,,0
400,'5108',1652,,542,47,,,0,657,,541,51,,,0
400,'5109',738,,550,47,,,0,282,,545,47,,,0,122,,544,47,,,0,207,,547,47,,,0,206,,546,47,,,0,264,,548,47,,,0,126,,549,47,,,0,301,,543,47,,,0
400,'5110',738,,558,47,,,0,283,,553,47,,,0,119,,552,47,,,0,208,,555,47,,,0,252,,554,47,,,0,223,,556,47,,,0,122,,557,47,,,0,301,,551,47,,,0
