301,'4706',656,,162,9,0,9 10,0,187,,163,9,0,9 10,0,293,,157,9,0,9 10,0,178,,161,9,0,9 10,0,123,,160,9,0,9 10,0,220,,158,9,0,9 10,0,265,,159,9,0,9 10,0
301,'4707',1733,,165,9,0,9 10,0,424,,164,9,0,9 10,0
301,'4890',1733,,166,9,0,9 10,0
301,'5009',631,,170,9,0,9 10,0,179,,174,9,0,9 10,0,124,,175,9,0,9 10,0,172,,168,9,0,9 10,0,146,,172,9,0,9 10,0,258,,169,9,0,9 10,0,204,,167,9,0,9 10,0,137,,173,9,0,9 10,0,277,,171,9,0,9 10,0
301,'5010',631,,179,9,0,9 10,0,179,,183,9,0,9 10,0,124,,184,9,0,9 10,0,172,,177,9,0,9 10,0,146,,181,9,0,9 10,0,258,,178,9,0,9 10,0,204,,176,9,0,9 10,0,137,,182,9,0,9 10,0,277,,180,9,0,9 10,0
301,'5106',656,,510,9,0,9 10,0,179,,511,9,0,9 10,0,301,,505,9,0,9 10,0,178,,509,9,0,9 10,0,123,,508,9,0,9 10,0,220,,506,9,0,9 10,0,265,,507,9,0,9 10,0
301,'5107',1733,,512,9,0,9 10,0
301,'5108',1733,,514,9,0,9 10,0,424,,513,9,0,9 10,0
301,'5109',631,,519,9,0,9 10,0,179,,522,9,0,9 10,0,124,,523,9,0,9 10,0,171,,516,9,0,9 10,0,146,,518,9,0,9 10,0,258,,517,9,0,9 10,0,205,,515,9,0,9 10,0,134,,521,9,0,9 10,0,280,,520,9,0,9 10,0
301,'5110',631,,527,9,0,9 10,0,179,,531,9,0,9 10,0,124,,532,9,0,9 10,0,170,,525,9,0,9 10,0,147,,529,9,0,9 10,0,262,,526,9,0,9 10,0,199,,524,9,0,9 10,0,136,,530,9,0,9 10,0,283,,528,9,0,9 10,0
