201,'4822',456,,473,9,4,,0,97,,469,1,,,0,61,,469,25,4,,0,1,,460,9,4,,0,25,,472,1,,,0,62,,472,25,4,,0,107,,461,1,,,0,22,,461,25,4,,0,70,,463,1,,,0,22,,463,25,4,,0,107,,462,1,,,0,23,,462,25,4,,0,60,,476,1,,,0,23,,476,25,4,,0,74,,464,1,,,0,23,,464,25,4,,0,79,,465,1,,,0,24,,465,25,4,,0,92,,474,1,,,0,24,,474,25,4,,0,48,,466,1,,,0,22,,466,25,4,,0,99,,467,1,,,0,21,,467,25,4,,0,92,,475,1,,,0,21,,475,25,4,,0,78,,470,1,,,0,20,,470,25,4,,0,153,,471,1,,,0,20,,471,25,4,,0,15,,468,1,,,0,60,,468,25,4,,0,39,,459,1,,,0,19,,459,25,4,,0
201,'4826',456,,455,9,4,,0,97,,451,1,,,0,61,,451,25,4,,0,1,,442,9,4,,0,25,,454,1,,,0,62,,454,25,4,,0,106,,443,1,,,0,22,,443,25,4,,0,27,,445,1,,,0,62,,445,25,4,,0,111,,444,1,,,0,23,,444,25,4,,0,63,,458,1,,,0,23,,458,25,4,,0,71,,446,1,,,0,23,,446,25,4,,0,72,,447,1,,,0,24,,447,25,4,,0,99,,456,1,,,0,24,,456,25,4,,0,5,,448,1,,,0,62,,448,25,4,,0,104,,449,1,,,0,21,,449,25,4,,0,86,,457,1,,,0,21,,457,25,4,,0,82,,452,1,,,0,20,,452,25,4,,0,152,,453,1,,,0,20,,453,25,4,,0,15,,450,1,,,0,60,,450,25,4,,0,37,,441,1,,,0,19,,441,25,4,,0
201,'4967',1745,,421,1,,,0,62,,421,25,4,,0,399,,419,1,,,0,20,,419,25,4,,0,97,,420,1,,,0,18,,420,25,4,,0
201,'5106',508,,429,9,4,,0,9,,436,9,4,,0,11,,432,1,,,0,20,,432,25,4,,0,71,,437,9,4,,0,36,,435,1,,,0,61,,435,25,4,,0,9,,427,1,,,0,21,,427,25,4,,0,12,,428,1,,,0,61,,428,25,4,,0,85,,426,1,,,0,21,,426,25,4,,0,185,,430,1,,,0,22,,430,25,4,,0,17,,431,1,,,0,63,,431,25,4,,0,20,,438,1,,,0,23,,438,25,4,,0,82,,433,1,,,0,63,,433,25,4,,0,34,,434,1,,,0,24,,434,25,4,,0,52,,425,1,,,0,24,,425,25,4,,0,179,,424,1,,,0,22,,424,25,4,,0,94,,423,1,,,0,21,,423,25,4,,0,160,,422,1,,,0,20,,422,25,4,,0,371,,439,1,,,0
201,'5107',1745,,440,1,,,0,62,,440,25,4,,0
300,'4822',618,,503,1,0,9 10,0,139,,497,1,0,9 10,0,164,,504,1,0,9 10,0,130,,498,1,0,9 10,0,185,,499,1,0,9 10,0,223,,500,1,0,9 10,0,199,,501,1,0,9 10,0,177,,502,1,0,9 10,0,283,,496,1,0,9 10,0
300,'4826',618,,494,1,0,9 10,0,139,,488,1,0,9 10,0,164,,495,1,0,9 10,0,130,,489,1,0,9 10,0,185,,490,1,0,9 10,0,219,,491,1,0,9 10,0,245,,492,1,0,9 10,0,135,,493,1,0,9 10,0,280,,487,1,0,9 10,0
300,'4967',1719,,477,1,0,9 10,0,424,,478,1,0,9 10,0
300,'5106',643,,482,1,0,9 10,0,179,,483,1,0,9 10,0,298,,484,1,0,9 10,0,138,,485,1,0,9 10,0,163,,479,1,0,9 10,0,222,,481,1,0,9 10,0,265,,480,1,0,9 10,0
300,'5107',1719,,486,1,0,9 10,0
301,'4822',637,,527,15,4,,0,179,,531,15,4,,0,124,,532,15,4,,0,170,,525,15,4,,0,147,,529,15,4,,0,262,,526,15,4,,0,199,,524,15,4,,0,135,,530,15,4,,0,283,,528,15,4,,0
301,'4826',637,,519,15,4,,0,179,,522,15,4,,0,124,,523,15,4,,0,171,,516,15,4,,0,146,,518,15,4,,0,258,,517,15,4,,0,205,,515,15,4,,0,133,,521,15,4,,0,280,,520,15,4,,0
301,'4967',1738,,506,15,4,,0,466,,505,15,4,,0
301,'5106',701,,512,15,4,,0,140,,513,15,4,,0,302,,507,15,4,,0,178,,511,15,4,,0,123,,510,15,4,,0,259,,508,15,4,,0,224,,509,15,4,,0
301,'5107',1738,,514,15,4,,0
400,'4822',705,,558,1,,,0,46,,558,60,4,,0,195,,553,1,,,0,89,,553,60,4,,0,71,,552,1,,,0,49,,552,60,4,,0,157,,555,1,,,0,90,,555,60,4,,0,123,,554,1,,,0,89,,554,60,4,,0,134,,556,1,,,0,88,,556,60,4,,0,75,,557,1,,,0,46,,557,60,4,,0,255,,551,1,,,0,46,,551,60,4,,0
400,'4826',705,,550,1,,,0,46,,550,60,4,,0,195,,545,1,,,0,89,,545,60,4,,0,73,,544,1,,,0,49,,544,60,4,,0,158,,547,1,,,0,90,,547,60,4,,0,115,,546,1,,,0,89,,546,60,4,,0,136,,548,1,,,0,88,,548,60,4,,0,78,,549,1,,,0,46,,549,60,4,,0,255,,543,1,,,0,46,,543,60,4,,0
400,'4967',1619,,534,1,,,0,83,,534,60,4,,0,533,,533,1,,,0,86,,533,64,4,,0
400,'5106',555,,537,1,,,0,85,,537,60,4,,0,79,,538,1,,,0,86,,538,60,4,,0,150,,539,1,,,0,85,,539,60,4,,0,175,,540,1,,,0,85,,540,60,4,,0,30,,541,1,,,0,85,,541,60,4,,0,325,,536,1,,,0,85,,536,60,4,,0,95,,535,1,,,0,85,,535,60,4,,0
400,'5107',1619,,542,1,,,0,83,,542,60,4,,0
