100,'4706',518,,11,15,,,0,41,,13,15,,,0,171,,10,15,,,0,99,,15,21,0,5 6 2,0,126,,12,15,,,0,100,,14,15,,,0,148,,16,21,0,5 6 2,0,106,,2,15,,,0,114,,17,21,0,5 6 2,0,95,,1,15,,,0,125,,3,21,0,5 6 2,0,164,,5,15,,,0,102,,6,15,,,0,121,,7,15,,,0,95,,4,15,,,0,108,,8,15,0,7 8,0,79,,9,15,,,0
100,'4822',509,,372,15,,,0,221,,373,15,,,0,222,,374,15,,,0,250,,375,15,,,0,217,,376,15,,,0,224,,377,15,,,0,161,,378,15,,,0,222,,379,15,,,0,95,,381,15,,,0,205,,380,15,,,0
100,'4826',509,,362,15,,,0,221,,363,15,,,0,222,,364,15,,,0,250,,365,15,,,0,217,,366,15,,,0,224,,367,15,,,0,166,,368,15,,,0,217,,369,15,,,0,95,,371,15,,,0,205,,370,15,,,0
100,'5106',518,,355,15,,,0,41,,357,15,,,0,171,,354,15,,,0,99,,359,21,0,5 6 2,0,121,,356,15,,,0,105,,358,15,,,0,148,,360,21,0,5 6 2,0,106,,346,15,,,0,114,,361,21,0,5 6 2,0,115,,345,15,,,0,105,,347,21,0,5 6 2,0,158,,349,15,,,0,103,,350,15,,,0,126,,351,15,,,0,90,,348,15,,,0,113,,352,15,0,7 8,0,79,,353,15,,,0
9000,'4706',528,,211,15,,,0,28,,235,15,,,0,75,,219,15,,,0,22,,220,15,,,0,68,,212,15,,,0,27,,221,15,,,0,66,,236,15,,,0,26,,234,15,,,0,71,,222,15,,,0,29,,223,15,,,0,70,,213,15,,,0,32,,224,15,,,0,70,,232,15,,,0,37,,214,15,,,0,75,,243,15,,,0,25,,237,15,,,0,62,,225,15,,,0,29,,233,15,,,0,73,,242,15,,,0,30,,215,15,,,0,66,,226,15,,,0,32,,227,15,,,0,67,,231,15,,,0,25,,228,15,,,0,69,,238,15,,,0,30,,216,15,,,0,97,,239,15,,,0,90,,229,15,,,0,35,,218,15,,,0,92,,230,15,,,0,94,,217,15,,,0
9000,'4822',628,,608,15,,,0,118,,618,15,,,0,103,,609,15,,,0,110,,621,15,,,0,50,,620,15,,,0,95,,613,15,,,0,120,,619,15,,,0,88,,610,15,,,0,118,,616,15,,,0,10,,623,15,,,0,97,,611,15,,,0,65,,624,15,,,0,50,,622,15,,,0,50,,615,15,,,0,111,,614,15,,,0,107,,617,15,,,0,119,,612,15,,,0
9000,'4826',628,,592,15,,,0,118,,602,15,,,0,103,,593,15,,,0,110,,605,15,,,0,50,,604,15,,,0,95,,597,15,,,0,110,,606,15,,,0,11,,603,15,,,0,87,,594,15,,,0,128,,600,15,,,0,96,,595,15,,,0,116,,607,15,,,0,50,,599,15,,,0,109,,598,15,,,0,109,,601,15,,,0,119,,596,15,,,0
9000,'4967',1224,,560,15,,,0,189,,559,15,,,0
9000,'5106',528,,561,15,,,0,28,,585,15,,,0,75,,569,15,,,0,22,,570,15,,,0,68,,562,15,,,0,27,,571,15,,,0,66,,586,15,,,0,26,,584,15,,,0,71,,572,15,,,0,29,,573,15,,,0,70,,563,15,,,0,32,,574,15,,,0,70,,582,15,,,0,37,,564,15,,,0,100,,587,15,,,0,62,,575,15,,,0,29,,583,15,,,0,103,,565,15,,,0,66,,576,15,,,0,32,,577,15,,,0,60,,581,15,,,0,32,,578,15,,,0,69,,588,15,,,0,30,,566,15,,,0,92,,589,15,,,0,95,,579,15,,,0,35,,568,15,,,0,92,,580,15,,,0,94,,567,15,,,0
9000,'5107',1224,,591,15,,,0,189,,590,15,,,0
