100,'4532',459,,1010,2,,,0,260,,1011,2,,,0,222,,1012,2,,,0,210,,1013,2,,,0,259,,1014,2,,,0,220,,1015,2,,,0,128,,1016,2,,,0,257,,1017,2,,,0,95,,1019,2,,,0,207,,1018,2,,,0
100,'5106',509,,718,2,,,0,41,,720,2,,,0,170,,717,2,,,0,94,,722,2,0,5 6 2,0,126,,719,2,,,0,105,,721,2,,,0,103,,360,2,0,5 6 2,0,111,,346,2,,,0,148,,723,2,0,5 6 2,0,121,,710,2,,,0,99,,347,2,0,5 6 2,0,123,,712,2,,,0,104,,713,2,,,0,166,,714,2,,,0,90,,711,2,,,0,113,,715,2,0,7 8,0,79,,716,2,,,0
100,'5224',509,,1030,2,,,0,41,,1032,2,,,0,170,,1029,2,,,0,94,,1034,2,0,5 6 2,0,126,,1031,2,,,0,105,,1033,2,,,0,103,,1035,2,0,5 6 2,0,111,,1021,2,,,0,148,,1036,2,0,5 6 2,0,121,,1020,2,,,0,99,,1022,2,0,5 6 2,0,118,,1024,2,,,0,109,,1025,2,,,0,166,,1026,2,,,0,90,,1023,2,,,0,113,,1027,2,0,7 8,0,79,,1028,2,,,0
100,'5228',459,,1037,2,,,0,263,,1038,2,,,0,221,,1039,2,,,0,210,,1040,2,,,0,260,,1041,2,,,0,220,,1042,2,,,0,117,,1043,2,,,0,265,,1044,2,,,0,95,,1046,2,,,0,206,,1045,2,,,0
201,'4532',554,,1094,2,,,0,87,,1097,2,,,0,165,,1086,2,,,0,52,,1088,2,,,0,183,,1087,2,,,0,78,,1101,2,,,0,89,,1089,2,,,0,98,,1090,2,,,0,123,,1099,2,,,0,24,,1091,2,,,0,171,,1092,2,,,0,107,,1100,2,,,0,103,,1095,2,,,0,172,,1096,2,,,0,39,,1093,2,,,0,96,,1084,2,,,0
201,'5106',529,,802,2,,,0,127,,804,2,,,0,70,,798,2,,,0,33,,799,2,,,0,146,,797,2,,,0,206,,430,2,,,0,39,,801,2,,,0,83,,438,2,,,0,105,,803,2,,,0,97,,434,2,,,0,76,,796,2,,,0,203,,795,2,,,0,32,,808,2,,,0,84,,794,2,,,0,181,,793,2,,,0,391,,807,2,,,0
201,'5224',529,,1112,2,,,0,127,,1115,2,,,0,70,,1107,2,,,0,33,,1108,2,,,0,146,,1106,2,,,0,206,,1110,2,,,0,39,,1111,2,,,0,83,,1118,2,,,0,105,,1113,2,,,0,97,,1114,2,,,0,76,,1105,2,,,0,203,,1104,2,,,0,32,,1120,2,,,0,84,,1103,2,,,0,181,,1102,2,,,0,391,,1119,2,,,0
201,'5226',2207,,1121,2,,,0,117,,1122,2,,,0
201,'5228',554,,1133,2,,,0,87,,1136,2,,,0,166,,1125,2,,,0,51,,1127,2,,,0,183,,1126,2,,,0,76,,1140,2,,,0,91,,1128,2,,,0,42,,1129,2,,,0,176,,1138,2,,,0,75,,1130,2,,,0,124,,1131,2,,,0,100,,1139,2,,,0,109,,1134,2,,,0,167,,1135,2,,,0,44,,1132,2,,,0,96,,1123,2,,,0
300,'4532',619,,1148,2,0,9 10,0,188,,1142,2,0,9 10,0,115,,1149,2,0,9 10,0,130,,1143,2,0,9 10,0,185,,1144,2,0,9 10,0,218,,1145,2,0,9 10,0,201,,1146,2,0,9 10,0,183,,1147,2,0,9 10,0,280,,1141,2,0,9 10,0
300,'5106',644,,482,2,0,9 10,0,179,,829,2,0,9 10,0,298,,830,2,0,9 10,0,138,,831,2,0,9 10,0,163,,827,2,0,9 10,0,222,,828,2,0,9 10,0,76,,832,2,0,9 10,0,189,,480,2,0,9 10,0
300,'5224',644,,1154,2,0,9 10,0,179,,1155,2,0,9 10,0,298,,1156,2,0,9 10,0,138,,1157,2,0,9 10,0,163,,1150,2,0,9 10,0,222,,1152,2,0,9 10,0,76,,1153,2,0,9 10,0,189,,1151,2,0,9 10,0
300,'5226',2144,,1158,2,0,9 10,0
300,'5228',619,,1166,2,0,9 10,0,190,,1160,2,0,9 10,0,113,,1167,2,0,9 10,0,131,,1161,2,0,9 10,0,185,,1162,2,0,9 10,0,211,,1163,2,0,9 10,0,207,,1164,2,0,9 10,0,182,,1165,2,0,9 10,0,281,,1159,2,0,9 10,0
400,'4532',706,,1202,2,,,0,241,,1197,2,,,0,169,,1196,2,,,0,200,,1199,2,,,0,205,,1198,2,,,0,225,,1200,2,,,0,166,,1201,2,,,0,301,,1195,2,,,0
400,'5106',556,,537,2,,,0,164,,538,2,,,0,236,,539,2,,,0,260,,875,2,,,0,115,,876,2,,,0,289,,877,2,,,0,121,,874,2,,,0,180,,873,2,,,0
400,'5224',556,,1206,2,,,0,164,,1207,2,,,0,236,,1208,2,,,0,260,,1209,2,,,0,115,,1210,2,,,0,289,,1203,2,,,0,121,,1205,2,,,0,180,,1204,2,,,0
400,'5226',2235,,1211,2,,,0
400,'5228',704,,1219,2,,,0,244,,1214,2,,,0,111,,1213,2,,,0,255,,1216,2,,,0,210,,1215,2,,,0,220,,1217,2,,,0,167,,1218,2,,,0,301,,1212,2,,,0
9000,'4532',617,,1220,2,,,0,123,,1230,2,,,0,118,,1221,2,,,0,89,,1233,2,,,0,10,,1232,2,,,0,155,,1225,2,,,0,90,,1234,2,,,0,10,,1231,2,,,0,88,,1222,2,,,0,128,,1228,2,,,0,117,,1223,2,,,0,95,,1235,2,,,0,10,,1227,2,,,0,155,,1226,2,,,0,109,,1229,2,,,0,114,,1224,2,,,0
9000,'5106',518,,913,2,,,0,28,,937,2,,,0,75,,921,2,,,0,22,,922,2,,,0,67,,914,2,,,0,27,,923,2,,,0,66,,938,2,,,0,26,,936,2,,,0,71,,924,2,,,0,29,,925,2,,,0,30,,915,2,,,0,72,,926,2,,,0,70,,934,2,,,0,37,,916,2,,,0,75,,943,2,,,0,25,,939,2,,,0,62,,927,2,,,0,29,,935,2,,,0,73,,942,2,,,0,30,,917,2,,,0,26,,928,2,,,0,72,,929,2,,,0,20,,933,2,,,0,72,,930,2,,,0,29,,940,2,,,0,70,,918,2,,,0,92,,941,2,,,0,95,,931,2,,,0,35,,920,2,,,0,92,,932,2,,,0,95,,919,2,,,0
9000,'5224',518,,1236,2,,,0,28,,1260,2,,,0,75,,1244,2,,,0,22,,1245,2,,,0,66,,1237,2,,,0,28,,1246,2,,,0,66,,1261,2,,,0,26,,1259,2,,,0,27,,1247,2,,,0,73,,1248,2,,,0,30,,1238,2,,,0,72,,1249,2,,,0,81,,1257,2,,,0,26,,1239,2,,,0,75,,1255,2,,,0,25,,1262,2,,,0,91,,1258,2,,,0,73,,1250,2,,,0,30,,1240,2,,,0,98,,1251,2,,,0,20,,1256,2,,,0,72,,1252,2,,,0,99,,1241,2,,,0,92,,1263,2,,,0,95,,1253,2,,,0,35,,1243,2,,,0,92,,1254,2,,,0,95,,1242,2,,,0
9000,'5225',1300,,1264,2,,,0,158,,1265,2,,,0,183,,1266,2,,,0
9000,'5226',1300,,1267,2,,,0,158,,1268,2,,,0,183,,1269,2,,,0
9000,'5228',617,,1270,2,,,0,122,,1278,2,,,0,120,,1271,2,,,0,89,,1285,2,,,0,10,,1280,2,,,0,154,,1274,2,,,0,97,,1279,2,,,0,94,,1272,2,,,0,118,,1284,2,,,0,10,,1281,2,,,0,122,,1282,2,,,0,90,,1283,2,,,0,10,,1276,2,,,0,153,,1275,2,,,0,110,,1277,2,,,0,114,,1273,2,,,0
