400,'4706',623,,187,42,,,0,125,,188,42,,,0,275,,189,42,,,0,220,,190,42,,,0,115,,191,42,,,0,450,,186,42,,,0,145,,185,42,,,0
400,'4707',1647,,193,42,,,0,657,,192,46,,,0
400,'4890',1647,,194,42,,,0
400,'5009',734,,202,42,,,0,280,,197,42,,,0,120,,196,42,,,0,209,,199,42,,,0,211,,198,42,,,0,262,,200,42,,,0,122,,201,42,,,0,305,,195,42,,,0
400,'5010',734,,210,42,,,0,280,,205,42,,,0,120,,204,42,,,0,209,,207,42,,,0,211,,206,42,,,0,262,,208,42,,,0,122,,209,42,,,0,305,,203,42,,,0
400,'5106',623,,535,42,,,0,125,,536,42,,,0,275,,537,42,,,0,220,,538,42,,,0,115,,539,42,,,0,450,,534,42,,,0,140,,533,42,,,0
400,'5107',1647,,540,42,,,0
400,'5108',1647,,542,42,,,0,657,,541,46,,,0
400,'5109',733,,550,42,,,0,281,,545,42,,,0,122,,544,42,,,0,207,,547,42,,,0,206,,546,42,,,0,264,,548,42,,,0,126,,549,42,,,0,302,,543,42,,,0
400,'5110',733,,558,42,,,0,282,,553,42,,,0,119,,552,42,,,0,207,,555,42,,,0,213,,554,42,,,0,263,,556,42,,,0,122,,557,42,,,0,302,,551,42,,,0
