101,'4532',659,,1047,77,,,0,273,,1051,77,,,0,224,,1053,77,,,0,260,,1052,77,,,0,212,,1054,77,,,0,215,,1055,77,,,0,163,,1050,77,,,0,220,,1049,77,,,0,95,,1056,77,,,0,202,,1048,77,,,0
101,'5106',714,,751,77,,,0,44,,755,83,,,0,175,,752,77,,,0,114,,753,77,,,0,105,,754,77,,,0,148,,756,83,,,0,114,,398,77,,,0,117,,397,83,,,0,97,,743,77,,,0,121,,744,83,,,0,96,,384,77,,,0,160,,745,77,,,0,100,,746,77,,,0,119,,747,77,,,0,99,,748,77,,,0,28,,749,57,,,0,173,,750,77,,,0
101,'5224',714,,1066,77,,,0,44,,1070,83,,,0,175,,1067,77,,,0,119,,1068,77,,,0,100,,1069,77,,,0,164,,1071,83,,,0,98,,1073,77,,,0,112,,1072,83,,,0,102,,1057,77,,,0,116,,1058,83,,,0,96,,1059,77,,,0,165,,1060,77,,,0,100,,1061,77,,,0,119,,1062,77,,,0,99,,1063,77,,,0,28,,1064,57,,,0,173,,1065,77,,,0
101,'5228',658,,1074,77,,,0,272,,1078,77,,,0,223,,1080,77,,,0,258,,1079,77,,,0,215,,1081,77,,,0,214,,1082,77,,,0,164,,1077,77,,,0,220,,1076,77,,,0,95,,1083,77,,,0,202,,1075,77,,,0
9001,'4532',743,,1290,40,,,0,159,,1292,37,,,0,121,,1289,40,,,0,99,,1297,37,,,0,2,,1299,37,,,0,118,,1288,37,,,0,103,,1296,40,,,0,2,,1300,40,,,0,78,,1291,40,,,0,134,,1293,37,,,0,155,,1298,40,,,0,98,,1294,37,,,0,2,,1301,37,,,0,121,,1295,37,,,0,102,,1287,40,,,0,120,,1286,40,,,0
9001,'5106',629,,979,37,,,0,71,,986,40,,,0,36,,987,40,,,0,75,,988,40,,,0,29,,1004,37,,,0,63,,980,40,,,0,25,,989,40,,,0,23,,990,40,,,0,72,,991,40,,,0,27,,1001,37,,,0,71,,982,40,,,0,38,,992,37,,,0,72,,1002,40,,,0,77,,993,40,,,0,35,,1008,37,,,0,72,,999,40,,,0,15,,995,40,,,0,72,,1003,40,,,0,35,,1009,37,,,0,65,,981,40,,,0,26,,996,37,,,0,31,,994,40,,,0,58,,1006,37,,,0,34,,1000,37,,,0,67,,997,40,,,0,30,,1007,40,,,0,95,,985,40,,,0,93,,983,37,,,0,77,,1005,40,,,0,45,,998,40,,,0,100,,984,40,,,0
9001,'5224',629,,1302,37,,,0,71,,1310,40,,,0,36,,1311,40,,,0,75,,1312,40,,,0,28,,1326,37,,,0,69,,1303,40,,,0,20,,1313,40,,,0,23,,1314,40,,,0,75,,1315,40,,,0,24,,1323,37,,,0,71,,1306,40,,,0,29,,1316,37,,,0,91,,1324,40,,,0,67,,1317,40,,,0,35,,1305,37,,,0,72,,1321,40,,,0,40,,1325,40,,,0,82,,1319,37,,,0,65,,1304,40,,,0,57,,1318,40,,,0,53,,1328,37,,,0,42,,1322,37,,,0,94,,1329,40,,,0,90,,1309,40,,,0,98,,1307,37,,,0,77,,1327,40,,,0,45,,1320,40,,,0,100,,1308,40,,,0
9001,'5225',1430,,1330,40,,,0,193,,1331,37,,,0,190,,1332,40,,,0
9001,'5226',1430,,1333,40,,,0,193,,1334,37,,,0,190,,1335,40,,,0
9001,'5228',743,,1341,40,,,0,157,,1342,37,,,0,122,,1340,40,,,0,99,,1347,37,,,0,2,,1349,37,,,0,118,,1339,37,,,0,103,,1346,40,,,0,80,,1338,40,,,0,134,,1343,37,,,0,42,,1350,37,,,0,112,,1348,40,,,0,99,,1344,37,,,0,2,,1351,37,,,0,122,,1345,37,,,0,102,,1337,40,,,0,120,,1336,40,,,0
