101,'4822',702,,724,82,,,0,233,,728,82,,,0,224,,730,82,,,0,260,,729,82,,,0,212,,731,82,,,0,220,,732,82,,,0,163,,727,82,,,0,215,,726,82,,,0,95,,733,82,,,0,202,,725,82,,,0
101,'4826',702,,734,82,,,0,233,,738,82,,,0,224,,740,82,,,0,260,,739,82,,,0,212,,741,82,,,0,220,,742,82,,,0,163,,737,82,,,0,215,,736,82,,,0,95,,408,82,,,0,202,,735,82,,,0
101,'5106',1418,,398,82,,,0,116,,397,88,,,0,314,,384,82,,,0
101,'5315',717,,391,82,,,0,84,,395,88,,,0,135,,392,82,,,0,114,,393,82,,,0,106,,394,82,,,0,147,,396,88,,,0,329,,382,82,,,0,120,,383,88,,,0,256,,385,82,,,0,100,,386,82,,,0,119,,387,82,,,0,99,,388,82,,,0,28,,389,62,,,0,173,,390,82,,,0
101,'5316',717,,751,82,,,0,84,,755,88,,,0,135,,752,82,,,0,114,,753,82,,,0,106,,754,82,,,0,147,,756,88,,,0,329,,743,82,,,0,120,,744,88,,,0,256,,745,82,,,0,100,,746,82,,,0,119,,747,82,,,0,99,,748,82,,,0,28,,749,62,,,0,173,,750,82,,,0
9001,'4822',746,,949,45,,,0,159,,951,42,,,0,102,,948,45,,,0,119,,956,42,,,0,2,,957,42,,,0,98,,947,42,,,0,123,,955,45,,,0,90,,946,45,,,0,164,,952,42,,,0,4,,959,42,,,0,46,,950,45,,,0,69,,960,45,,,0,98,,953,42,,,0,2,,958,42,,,0,121,,954,42,,,0,97,,945,45,,,0,160,,944,45,,,0
9001,'4826',746,,966,45,,,0,159,,968,42,,,0,102,,965,45,,,0,119,,973,42,,,0,2,,974,42,,,0,98,,964,42,,,0,123,,972,45,,,0,2,,975,45,,,0,88,,963,45,,,0,164,,969,42,,,0,50,,967,45,,,0,167,,970,42,,,0,2,,976,42,,,0,121,,971,42,,,0,97,,962,45,,,0,160,,961,45,,,0
9001,'4967',1347,,977,42,,,0,194,,978,42,,,0
9001,'5315',632,,627,42,,,0,71,,634,45,,,0,36,,635,45,,,0,76,,636,45,,,0,29,,652,42,,,0,62,,628,45,,,0,25,,637,45,,,0,23,,638,45,,,0,72,,639,45,,,0,27,,649,42,,,0,71,,630,45,,,0,79,,640,42,,,0,32,,650,45,,,0,77,,641,45,,,0,35,,656,42,,,0,72,,647,45,,,0,15,,643,45,,,0,72,,651,45,,,0,35,,657,42,,,0,65,,629,45,,,0,26,,644,42,,,0,71,,642,45,,,0,17,,654,42,,,0,34,,648,42,,,0,67,,645,45,,,0,30,,655,45,,,0,95,,633,45,,,0,93,,631,42,,,0,77,,653,45,,,0,85,,646,45,,,0,100,,632,45,,,0
9001,'5316',632,,979,42,,,0,71,,986,45,,,0,36,,987,45,,,0,76,,988,45,,,0,29,,1004,42,,,0,62,,980,45,,,0,25,,989,45,,,0,23,,990,45,,,0,72,,991,45,,,0,27,,1001,42,,,0,71,,982,45,,,0,79,,992,42,,,0,32,,1002,45,,,0,77,,993,45,,,0,107,,999,45,,,0,15,,995,45,,,0,72,,1003,45,,,0,100,,981,45,,,0,26,,996,42,,,0,71,,994,45,,,0,17,,1006,42,,,0,34,,1000,42,,,0,67,,997,45,,,0,30,,1007,45,,,0,95,,985,45,,,0,93,,983,42,,,0,77,,1005,45,,,0,85,,998,45,,,0,100,,984,45,,,0
9001,'5317',1347,,1008,42,,,0,194,,1009,42,,,0
