201,'4822',606,,767,15,,,0,47,,770,15,,,0,169,,759,15,,,0,92,,761,15,,,0,129,,760,15,,,0,83,,774,15,,,0,97,,762,15,,,0,103,,763,15,,,0,116,,772,15,,,0,72,,764,15,,,0,120,,765,15,,,0,113,,773,15,,,0,99,,768,15,,,0,173,,769,15,,,0,35,,766,15,,,0,98,,757,15,,,0
201,'4826',606,,783,15,,,0,47,,785,15,,,0,168,,777,15,,,0,89,,779,15,,,0,133,,778,15,,,0,86,,789,15,,,0,94,,780,15,,,0,96,,781,15,,,0,123,,787,15,,,0,69,,782,15,,,0,125,,449,15,,,0,107,,788,15,,,0,103,,784,15,,,0,172,,453,15,,,0,35,,450,15,,,0,96,,775,15,,,0
201,'4967',1759,,792,15,,,0,459,,790,15,,,0,117,,791,15,,,0
201,'5106',1124,,430,15,,,0,122,,438,15,,,0,203,,434,15,,,0
201,'5315',540,,432,15,,,0,168,,435,15,,,0,30,,427,15,,,0,73,,428,15,,,0,106,,426,15,,,0,286,,431,15,,,0,148,,433,15,,,0,174,,425,15,,,0,202,,424,15,,,0,32,,440,15,,,0,83,,423,15,,,0,180,,422,15,,,0,391,,439,15,,,0
201,'5316',540,,802,15,,,0,168,,804,15,,,0,30,,798,15,,,0,73,,799,15,,,0,106,,797,15,,,0,286,,801,15,,,0,148,,803,15,,,0,174,,796,15,,,0,202,,795,15,,,0,115,,794,15,,,0,180,,793,15,,,0,391,,807,15,,,0
201,'5317',1759,,808,15,,,0
400,'4822',711,,864,8,,,0,242,,859,8,,,0,159,,858,8,,,0,206,,861,8,,,0,214,,860,8,,,0,222,,862,8,,,0,163,,863,8,,,0,302,,857,8,,,0
400,'4826',711,,870,8,,,0,241,,867,8,,,0,162,,866,8,,,0,207,,869,8,,,0,206,,868,8,,,0,224,,548,8,,,0,166,,549,8,,,0,302,,865,8,,,0
400,'4967',1625,,872,8,,,0,617,,871,12,,,0
400,'5106',601,,537,8,,,0,124,,538,8,,,0,276,,539,8,,,0
400,'5315',1221,,540,8,,,0,115,,541,8,,,0,289,,542,8,,,0,121,,536,8,,,0,180,,535,8,,,0
400,'5316',1221,,875,8,,,0,115,,876,8,,,0,410,,874,8,,,0,180,,873,8,,,0
400,'5317',1625,,877,8,,,0
