100,'4706',600,,11,81,,,0,41,,13,81,,,0,174,,10,81,,,0,100,,15,87,0,5 6 2,0,125,,12,81,,,0,100,,14,81,,,0,110,,16,87,0,5 6 2,0,105,,2,81,,,0,155,,17,87,0,5 6 2,0,94,,1,81,,,0,126,,3,87,0,5 6 2,0,123,,5,81,,,0,100,,6,81,,,0,161,,7,81,,,0,95,,4,81,,,0,146,,9,81,,,0
100,'5010',550,,27,81,,,0,265,,28,81,,,0,221,,29,81,,,0,211,,30,81,,,0,257,,31,81,,,0,225,,32,81,,,0,124,,33,81,,,0,256,,34,81,,,0,300,,35,81,,,0
100,'5106',600,,355,81,,,0,41,,357,81,,,0,174,,354,81,,,0,100,,359,87,0,5 6 2,0,120,,356,81,,,0,105,,358,81,,,0,110,,360,87,0,5 6 2,0,105,,346,81,,,0,155,,361,87,0,5 6 2,0,114,,345,81,,,0,106,,347,87,0,5 6 2,0,118,,349,81,,,0,100,,350,81,,,0,166,,351,81,,,0,90,,348,81,,,0,151,,353,81,,,0
100,'5109',551,,362,81,,,0,264,,363,81,,,0,223,,364,81,,,0,211,,365,81,,,0,257,,366,81,,,0,224,,367,81,,,0,123,,368,81,,,0,255,,369,81,,,0,95,,371,81,,,0,205,,370,81,,,0
100,'5110',551,,372,81,,,0,264,,373,81,,,0,223,,374,81,,,0,211,,375,81,,,0,257,,376,81,,,0,224,,377,81,,,0,118,,378,81,,,0,260,,379,81,,,0,95,,381,81,,,0,205,,380,81,,,0
9000,'4706',620,,235,47,,,0,98,,220,47,,,0,29,,212,47,,,0,160,,234,47,,,0,30,,222,47,,,0,170,,224,47,,,0,30,,232,47,,,0,179,,237,47,,,0,22,,225,47,,,0,70,,233,47,,,0,130,,226,47,,,0,98,,231,47,,,0,65,,228,47,,,0,58,,216,47,,,0,185,,229,47,,,0,75,,218,47,,,0,185,,217,47,,,0
9000,'5010',651,,257,47,,,0,162,,267,47,,,0,220,,269,47,,,0,95,,338,47,,,0,120,,268,47,,,0,260,,265,47,,,0,326,,263,47,,,0,270,,261,47,,,0
9000,'5106',620,,585,47,,,0,98,,570,47,,,0,29,,562,47,,,0,160,,584,47,,,0,30,,572,47,,,0,170,,574,47,,,0,30,,582,47,,,0,179,,587,47,,,0,22,,575,47,,,0,70,,583,47,,,0,130,,576,47,,,0,91,,581,47,,,0,72,,578,47,,,0,58,,566,47,,,0,185,,579,47,,,0,75,,568,47,,,0,185,,567,47,,,0
9000,'5109',652,,592,47,,,0,158,,602,47,,,0,215,,605,47,,,0,10,,604,47,,,0,95,,597,47,,,0,110,,606,47,,,0,11,,603,47,,,0,258,,600,47,,,0,330,,598,47,,,0,265,,596,47,,,0
9000,'5110',652,,608,47,,,0,158,,618,47,,,0,215,,621,47,,,0,10,,620,47,,,0,95,,613,47,,,0,120,,619,47,,,0,209,,616,47,,,0,50,,623,47,,,0,332,,614,47,,,0,263,,612,47,,,0
