100,'4706',601,,11,82,,,0,41,,13,82,,,0,174,,10,82,,,0,100,,15,88,0,5 6 2,0,125,,12,82,,,0,100,,14,82,,,0,110,,16,88,0,5 6 2,0,105,,2,82,,,0,155,,17,88,0,5 6 2,0,94,,1,82,,,0,126,,3,88,0,5 6 2,0,124,,5,82,,,0,100,,6,82,,,0,160,,7,82,,,0,95,,4,82,,,0,146,,9,82,,,0
100,'5009',551,,18,82,,,0,265,,19,82,,,0,221,,20,82,,,0,211,,21,82,,,0,257,,22,82,,,0,225,,23,82,,,0,125,,24,82,,,0,255,,25,82,,,0,300,,26,82,,,0
100,'5010',551,,27,82,,,0,265,,28,82,,,0,221,,29,82,,,0,211,,30,82,,,0,257,,31,82,,,0,225,,32,82,,,0,125,,33,82,,,0,255,,34,82,,,0,300,,35,82,,,0
100,'5106',601,,355,82,,,0,41,,357,82,,,0,174,,354,82,,,0,100,,359,88,0,5 6 2,0,120,,356,82,,,0,105,,358,82,,,0,110,,360,88,0,5 6 2,0,105,,346,82,,,0,155,,361,88,0,5 6 2,0,114,,345,82,,,0,106,,347,88,0,5 6 2,0,119,,349,82,,,0,100,,350,82,,,0,165,,351,82,,,0,90,,348,82,,,0,151,,353,82,,,0
100,'5109',552,,362,82,,,0,264,,363,82,,,0,224,,364,82,,,0,210,,365,82,,,0,258,,366,82,,,0,224,,367,82,,,0,123,,368,82,,,0,255,,369,82,,,0,95,,371,82,,,0,204,,370,82,,,0
100,'5110',552,,372,82,,,0,264,,373,82,,,0,224,,374,82,,,0,210,,375,82,,,0,258,,376,82,,,0,224,,377,82,,,0,118,,378,82,,,0,260,,379,82,,,0,95,,381,82,,,0,204,,380,82,,,0
9000,'4706',621,,235,48,,,0,98,,220,48,,,0,29,,212,48,,,0,161,,234,48,,,0,30,,222,48,,,0,170,,224,48,,,0,30,,232,48,,,0,179,,237,48,,,0,22,,225,48,,,0,70,,233,48,,,0,130,,226,48,,,0,97,,231,48,,,0,65,,228,48,,,0,98,,216,48,,,0,145,,229,48,,,0,75,,218,48,,,0,185,,217,48,,,0
9000,'5009',652,,244,48,,,0,162,,254,48,,,0,221,,256,48,,,0,95,,335,48,,,0,120,,255,48,,,0,260,,252,48,,,0,325,,250,48,,,0,270,,248,48,,,0
9000,'5010',652,,257,48,,,0,162,,267,48,,,0,221,,269,48,,,0,95,,338,48,,,0,120,,268,48,,,0,260,,265,48,,,0,325,,263,48,,,0,270,,261,48,,,0
9000,'5106',621,,583,48,,,0,98,,568,48,,,0,29,,560,48,,,0,161,,582,48,,,0,30,,570,48,,,0,170,,572,48,,,0,30,,580,48,,,0,179,,585,48,,,0,22,,573,48,,,0,70,,581,48,,,0,130,,574,48,,,0,90,,579,48,,,0,72,,576,48,,,0,98,,564,48,,,0,145,,577,48,,,0,75,,566,48,,,0,185,,565,48,,,0
9000,'5109',653,,592,48,,,0,158,,602,48,,,0,215,,605,48,,,0,10,,604,48,,,0,95,,597,48,,,0,110,,606,48,,,0,11,,603,48,,,0,258,,600,48,,,0,330,,598,48,,,0,265,,596,48,,,0
9000,'5110',653,,608,48,,,0,158,,618,48,,,0,215,,621,48,,,0,10,,620,48,,,0,95,,613,48,,,0,120,,619,48,,,0,249,,616,48,,,0,10,,623,48,,,0,332,,614,48,,,0,263,,612,48,,,0
