101,'4706',709,,45,70,,,0,39,,49,70,,,0,179,,46,70,,,0,114,,47,70,,,0,110,,48,70,,,0,99,,50,70,,,0,158,,52,70,,,0,113,,51,70,,,0,101,,36,70,,,0,92,,37,70,,,0,126,,38,70,,,0,165,,39,70,,,0,100,,40,70,,,0,114,,41,70,,,0,99,,42,70,,,0,28,,43,50,,,0,173,,44,70,,,0
101,'5010',654,,62,70,,,0,273,,66,70,,,0,220,,68,70,,,0,261,,67,70,,,0,214,,69,70,,,0,218,,70,70,,,0,165,,65,70,,,0,214,,64,70,,,0,299,,63,70,,,0
101,'5106',709,,391,70,,,0,39,,395,70,,,0,179,,392,70,,,0,114,,393,70,,,0,105,,394,70,,,0,104,,396,70,,,0,158,,398,70,,,0,113,,397,70,,,0,101,,382,70,,,0,117,,383,70,,,0,101,,384,70,,,0,160,,385,70,,,0,100,,386,70,,,0,119,,387,70,,,0,99,,388,70,,,0,28,,389,50,,,0,173,,390,70,,,0
101,'5109',653,,399,70,,,0,274,,403,70,,,0,223,,405,70,,,0,260,,404,70,,,0,213,,406,70,,,0,220,,407,70,,,0,163,,402,70,,,0,215,,401,70,,,0,95,,408,70,,,0,202,,400,70,,,0
101,'5110',653,,409,70,,,0,274,,413,70,,,0,223,,415,70,,,0,260,,414,70,,,0,213,,416,70,,,0,220,,417,70,,,0,163,,412,70,,,0,215,,411,70,,,0,95,,418,70,,,0,202,,410,70,,,0
9001,'4706',624,,270,30,,,0,31,,277,33,,,0,76,,278,33,,,0,75,,279,33,,,0,29,,295,30,,,0,23,,271,33,,,0,65,,280,33,,,0,23,,281,33,,,0,73,,282,33,,,0,27,,292,30,,,0,71,,273,33,,,0,38,,283,30,,,0,72,,293,33,,,0,76,,284,33,,,0,35,,301,30,,,0,72,,290,33,,,0,15,,286,33,,,0,32,,294,33,,,0,75,,302,30,,,0,25,,272,33,,,0,66,,287,30,,,0,31,,285,33,,,0,68,,297,30,,,0,24,,291,30,,,0,67,,288,33,,,0,30,,298,33,,,0,92,,276,33,,,0,96,,274,30,,,0,77,,296,33,,,0,45,,289,33,,,0,100,,275,33,,,0
9001,'4967',1338,,625,30,,,0,194,,626,30,,,0
9001,'5010',739,,321,33,,,0,117,,323,30,,,0,101,,320,33,,,0,159,,328,30,,,0,98,,343,30,,,0,126,,327,33,,,0,88,,342,33,,,0,128,,324,30,,,0,88,,344,33,,,0,168,,325,30,,,0,124,,326,30,,,0,97,,317,33,,,0,120,,316,33,,,0
9001,'5106',624,,627,30,,,0,31,,634,33,,,0,76,,635,33,,,0,75,,636,33,,,0,29,,652,30,,,0,23,,628,33,,,0,65,,637,33,,,0,23,,638,33,,,0,73,,639,33,,,0,27,,649,30,,,0,71,,630,33,,,0,38,,640,30,,,0,72,,650,33,,,0,76,,641,33,,,0,107,,647,33,,,0,15,,643,33,,,0,32,,651,33,,,0,100,,629,33,,,0,66,,644,30,,,0,31,,642,33,,,0,58,,654,30,,,0,34,,648,30,,,0,67,,645,33,,,0,30,,655,33,,,0,95,,633,33,,,0,93,,631,30,,,0,77,,653,33,,,0,45,,646,33,,,0,100,,632,33,,,0
9001,'5107',1338,,656,30,,,0,194,,657,30,,,0
9001,'5109',738,,663,33,,,0,119,,665,30,,,0,101,,662,33,,,0,159,,670,30,,,0,2,,671,30,,,0,98,,661,30,,,0,123,,669,33,,,0,2,,672,33,,,0,88,,660,33,,,0,124,,666,30,,,0,90,,664,33,,,0,168,,667,30,,,0,2,,673,30,,,0,121,,668,30,,,0,97,,659,33,,,0,120,,658,33,,,0
9001,'5110',738,,679,33,,,0,119,,681,30,,,0,101,,678,33,,,0,159,,686,30,,,0,2,,687,30,,,0,98,,677,30,,,0,123,,685,33,,,0,90,,676,33,,,0,124,,682,30,,,0,4,,689,30,,,0,86,,680,33,,,0,70,,690,33,,,0,98,,683,30,,,0,2,,688,30,,,0,121,,684,30,,,0,97,,675,33,,,0,120,,674,33,,,0
