100,'4822',545,,691,73,,,0,264,,692,73,,,0,223,,693,73,,,0,211,,694,73,,,0,257,,695,73,,,0,224,,696,73,,,0,118,,697,73,,,0,261,,698,73,,,0,55,,700,73,,,0,245,,699,73,,,0
100,'4826',545,,701,73,,,0,264,,702,73,,,0,223,,703,73,,,0,211,,704,73,,,0,257,,705,73,,,0,224,,706,73,,,0,123,,707,73,,,0,256,,708,73,,,0,55,,371,73,,,0,245,,709,73,,,0
100,'5106',1243,,360,79,0,5 6 2,0,105,,346,73,,,0,375,,347,79,0,5 6 2,0
100,'5315',554,,355,73,,,0,81,,357,73,,,0,173,,354,73,,,0,100,,359,79,0,5 6 2,0,120,,356,73,,,0,105,,358,73,,,0,370,,361,79,0,5 6 2,0,114,,345,73,,,0,224,,349,73,,,0,101,,350,73,,,0,166,,351,73,,,0,50,,348,73,,,0,191,,353,73,,,0
100,'5316',554,,718,73,,,0,81,,720,73,,,0,173,,717,73,,,0,100,,722,79,0,5 6 2,0,120,,719,73,,,0,105,,721,73,,,0,370,,723,79,0,5 6 2,0,114,,710,73,,,0,224,,712,73,,,0,101,,713,73,,,0,166,,714,73,,,0,50,,711,73,,,0,191,,716,73,,,0
101,'4822',620,,724,23,,,0,232,,728,23,,,0,261,,730,23,,,0,220,,729,23,,,0,214,,731,23,,,0,260,,732,23,,,0,125,,727,23,,,0,215,,726,23,,,0,95,,733,23,,,0,204,,725,23,,,0
101,'4826',620,,734,23,,,0,232,,738,23,,,0,261,,740,23,,,0,220,,739,23,,,0,214,,741,23,,,0,260,,742,23,,,0,125,,737,23,,,0,215,,736,23,,,0,95,,408,23,,,0,204,,735,23,,,0
101,'5106',1331,,398,23,,,0,115,,397,23,,,0,360,,384,23,,,0
101,'5315',635,,391,23,,,0,82,,395,23,,,0,135,,392,23,,,0,154,,393,23,,,0,105,,394,23,,,0,104,,396,23,,,0,331,,382,23,,,0,160,,383,23,,,0,220,,385,23,,,0,100,,386,23,,,0,120,,387,23,,,0,100,,388,23,,,0,68,,389,3,,,0,133,,390,23,,,0
101,'5316',635,,751,23,,,0,82,,755,23,,,0,135,,752,23,,,0,154,,753,23,,,0,105,,754,23,,,0,104,,756,23,,,0,331,,743,23,,,0,160,,744,23,,,0,220,,745,23,,,0,100,,746,23,,,0,120,,747,23,,,0,100,,748,23,,,0,68,,749,3,,,0,133,,750,23,,,0
