400,'4706',615,,187,28,,,0,125,,188,28,,,0,275,,189,28,,,0,220,,190,28,,,0,115,,191,28,,,0,450,,186,28,,,0,145,,185,28,,,0
400,'4707',1639,,193,28,,,0,617,,192,32,,,0
400,'4890',1639,,194,28,,,0
400,'5009',726,,202,28,,,0,280,,197,28,,,0,120,,196,28,,,0,209,,199,28,,,0,210,,198,28,,,0,263,,200,28,,,0,121,,201,28,,,0,306,,195,28,,,0
400,'5010',726,,210,28,,,0,280,,205,28,,,0,120,,204,28,,,0,209,,207,28,,,0,210,,206,28,,,0,263,,208,28,,,0,121,,209,28,,,0,306,,203,28,,,0
400,'5106',615,,535,28,,,0,125,,536,28,,,0,275,,537,28,,,0,220,,538,28,,,0,115,,539,28,,,0,450,,534,28,,,0,140,,533,28,,,0
400,'5107',1639,,540,28,,,0
400,'5108',1639,,542,28,,,0,617,,541,32,,,0
400,'5109',725,,550,28,,,0,281,,545,28,,,0,122,,544,28,,,0,207,,547,28,,,0,206,,546,28,,,0,264,,548,28,,,0,126,,549,28,,,0,302,,543,28,,,0
400,'5110',725,,558,28,,,0,281,,553,28,,,0,121,,552,28,,,0,205,,555,28,,,0,214,,554,28,,,0,262,,556,28,,,0,123,,557,28,,,0,302,,551,28,,,0
