201,'4706',538,,81,12,,,0,168,,84,12,,,0,30,,76,12,,,0,81,,77,12,,,0,98,,75,12,,,0,206,,79,12,,,0,79,,80,12,,,0,43,,87,12,,,0,105,,82,12,,,0,103,,83,12,,,0,76,,74,12,,,0,199,,73,12,,,0,119,,71,12,,,0,180,,72,12,,,0,386,,88,12,,,0
201,'4707',1756,,91,12,,,0,460,,89,12,,,0,117,,90,12,,,0
201,'4890',1756,,92,12,,,0
201,'5009',603,,103,12,,,0,48,,106,12,,,0,168,,95,12,,,0,89,,97,12,,,0,117,,329,12,,,0,102,,110,12,,,0,94,,98,12,,,0,95,,99,12,,,0,124,,108,12,,,0,72,,330,12,,,0,122,,101,12,,,0,108,,109,12,,,0,102,,104,12,,,0,164,,105,12,,,0,92,,102,12,,,0,47,,93,12,,,0
201,'5010',603,,121,12,,,0,48,,124,12,,,0,168,,113,12,,,0,89,,115,12,,,0,117,,331,12,,,0,102,,128,12,,,0,94,,116,12,,,0,95,,117,12,,,0,124,,126,12,,,0,72,,332,12,,,0,122,,119,12,,,0,108,,127,12,,,0,102,,122,12,,,0,164,,123,12,,,0,92,,120,12,,,0,47,,111,12,,,0
201,'5106',538,,429,12,,,0,168,,432,12,,,0,30,,424,12,,,0,73,,425,12,,,0,106,,423,12,,,0,206,,427,12,,,0,79,,428,12,,,0,43,,435,12,,,0,105,,430,12,,,0,98,,431,12,,,0,76,,422,12,,,0,202,,421,12,,,0,116,,420,12,,,0,180,,419,12,,,0,391,,436,12,,,0
201,'5107',1756,,437,12,,,0
201,'5108',1756,,440,12,,,0,460,,438,12,,,0,117,,439,12,,,0
201,'5109',604,,451,12,,,0,47,,454,12,,,0,168,,443,12,,,0,89,,445,12,,,0,133,,444,12,,,0,86,,458,12,,,0,94,,446,12,,,0,95,,447,12,,,0,123,,456,12,,,0,69,,448,12,,,0,126,,449,12,,,0,107,,457,12,,,0,103,,452,12,,,0,172,,453,12,,,0,35,,450,12,,,0,96,,441,12,,,0
201,'5110',604,,469,12,,,0,47,,472,12,,,0,169,,461,12,,,0,92,,463,12,,,0,129,,462,12,,,0,83,,476,12,,,0,97,,464,12,,,0,102,,465,12,,,0,116,,474,12,,,0,72,,466,12,,,0,121,,467,12,,,0,113,,475,12,,,0,99,,470,12,,,0,173,,471,12,,,0,35,,468,12,,,0,98,,459,12,,,0
400,'4707',2241,,192,9,,,0
400,'5108',2241,,541,9,,,0
