100,'4822',503,,691,6,,,0,221,,692,6,,,0,221,,693,6,,,0,210,,694,6,,,0,257,,695,6,,,0,224,,696,6,,,0,121,,697,6,,,0,262,,698,6,,,0,95,,700,6,,,0,206,,699,6,,,0
100,'4826',503,,701,6,,,0,221,,702,6,,,0,221,,703,6,,,0,210,,704,6,,,0,257,,705,6,,,0,224,,706,6,,,0,166,,707,6,,,0,217,,708,6,,,0,95,,371,6,,,0,206,,709,6,,,0
100,'5106',1152,,360,6,0,5 6 2,0,151,,346,6,,,0,329,,347,6,0,5 6 2,0
100,'5315',513,,355,6,,,0,41,,357,6,,,0,170,,354,6,,,0,94,,359,6,0,5 6 2,0,126,,356,6,,,0,105,,358,6,,,0,363,,361,6,0,5 6 2,0,120,,345,6,,,0,222,,349,6,,,0,104,,350,6,,,0,166,,351,6,,,0,90,,348,6,,,0,113,,352,6,0,7 8,0,79,,353,6,,,0
100,'5316',513,,718,6,,,0,41,,720,6,,,0,170,,717,6,,,0,94,,722,6,0,5 6 2,0,126,,719,6,,,0,105,,721,6,,,0,363,,723,6,0,5 6 2,0,120,,710,6,,,0,222,,712,6,,,0,104,,713,6,,,0,166,,714,6,,,0,90,,711,6,,,0,113,,715,6,0,7 8,0,79,,716,6,,,0
9000,'4822',622,,878,6,,,0,118,,888,6,,,0,102,,879,6,,,0,110,,891,6,,,0,50,,890,6,,,0,55,,883,6,,,0,160,,889,6,,,0,88,,880,6,,,0,118,,886,6,,,0,10,,893,6,,,0,97,,881,6,,,0,25,,894,6,,,0,90,,892,6,,,0,10,,885,6,,,0,151,,884,6,,,0,107,,887,6,,,0,120,,882,6,,,0
9000,'4826',622,,895,6,,,0,118,,905,6,,,0,102,,896,6,,,0,110,,908,6,,,0,50,,907,6,,,0,55,,900,6,,,0,150,,909,6,,,0,11,,906,6,,,0,87,,897,6,,,0,128,,903,6,,,0,96,,898,6,,,0,116,,910,6,,,0,10,,902,6,,,0,149,,901,6,,,0,109,,904,6,,,0,120,,899,6,,,0
9000,'4967',1217,,912,6,,,0,189,,911,6,,,0
9000,'5315',522,,561,6,,,0,28,,585,6,,,0,75,,569,6,,,0,22,,570,6,,,0,68,,562,6,,,0,26,,571,6,,,0,66,,586,6,,,0,26,,584,6,,,0,71,,572,6,,,0,29,,573,6,,,0,70,,563,6,,,0,32,,574,6,,,0,70,,582,6,,,0,37,,564,6,,,0,75,,591,6,,,0,25,,587,6,,,0,62,,575,6,,,0,29,,583,6,,,0,73,,590,6,,,0,30,,565,6,,,0,66,,576,6,,,0,32,,577,6,,,0,20,,581,6,,,0,72,,578,6,,,0,29,,588,6,,,0,70,,566,6,,,0,92,,589,6,,,0,96,,579,6,,,0,35,,568,6,,,0,92,,580,6,,,0,95,,567,6,,,0
9000,'5316',522,,913,6,,,0,28,,937,6,,,0,75,,921,6,,,0,22,,922,6,,,0,68,,914,6,,,0,26,,923,6,,,0,66,,938,6,,,0,26,,936,6,,,0,71,,924,6,,,0,29,,925,6,,,0,70,,915,6,,,0,32,,926,6,,,0,70,,934,6,,,0,37,,916,6,,,0,100,,939,6,,,0,62,,927,6,,,0,29,,935,6,,,0,103,,917,6,,,0,66,,928,6,,,0,32,,929,6,,,0,20,,933,6,,,0,72,,930,6,,,0,29,,940,6,,,0,70,,918,6,,,0,92,,941,6,,,0,96,,931,6,,,0,35,,920,6,,,0,92,,932,6,,,0,95,,919,6,,,0
9000,'5317',1217,,943,6,,,0,189,,942,6,,,0
