9000,'4706',537,,211,26,,,0,68,,235,26,,,0,35,,219,26,,,0,62,,220,26,,,0,28,,212,26,,,0,27,,221,26,,,0,66,,236,26,,,0,26,,234,26,,,0,71,,222,26,,,0,29,,223,26,,,0,70,,213,26,,,0,32,,224,26,,,0,70,,232,26,,,0,37,,214,26,,,0,100,,237,26,,,0,62,,225,26,,,0,30,,233,26,,,0,103,,215,26,,,0,66,,226,26,,,0,32,,227,26,,,0,67,,231,26,,,0,25,,228,26,,,0,69,,238,26,,,0,29,,216,26,,,0,97,,239,26,,,0,90,,229,26,,,0,75,,218,26,,,0,52,,230,26,,,0,94,,217,26,,,0
9000,'4707',1233,,241,26,,,0,190,,240,26,,,0
9000,'4890',1233,,243,26,,,0,190,,242,26,,,0
9000,'5009',636,,244,26,,,0,120,,254,26,,,0,100,,245,26,,,0,161,,256,26,,,0,95,,335,26,,,0,118,,255,26,,,0,91,,333,26,,,0,129,,252,26,,,0,97,,334,26,,,0,160,,251,26,,,0,109,,250,26,,,0,113,,253,26,,,0,119,,248,26,,,0
9000,'5010',636,,257,26,,,0,120,,267,26,,,0,100,,258,26,,,0,161,,269,26,,,0,95,,338,26,,,0,118,,268,26,,,0,91,,336,26,,,0,129,,265,26,,,0,97,,337,26,,,0,160,,264,26,,,0,109,,263,26,,,0,113,,266,26,,,0,119,,261,26,,,0
9000,'5106',537,,559,26,,,0,68,,583,26,,,0,35,,567,26,,,0,62,,568,26,,,0,28,,560,26,,,0,27,,569,26,,,0,66,,584,26,,,0,26,,582,26,,,0,71,,570,26,,,0,29,,571,26,,,0,70,,561,26,,,0,32,,572,26,,,0,70,,580,26,,,0,37,,562,26,,,0,100,,585,26,,,0,62,,573,26,,,0,30,,581,26,,,0,103,,563,26,,,0,66,,574,26,,,0,32,,575,26,,,0,60,,579,26,,,0,32,,576,26,,,0,69,,586,26,,,0,29,,564,26,,,0,92,,587,26,,,0,95,,577,26,,,0,75,,566,26,,,0,52,,578,26,,,0,94,,565,26,,,0
9000,'5107',1233,,589,26,,,0,190,,588,26,,,0
9000,'5108',1233,,591,26,,,0,190,,590,26,,,0
9000,'5109',637,,592,26,,,0,118,,602,26,,,0,103,,593,26,,,0,150,,605,26,,,0,10,,604,26,,,0,95,,597,26,,,0,110,,606,26,,,0,11,,603,26,,,0,88,,594,26,,,0,128,,600,26,,,0,96,,595,26,,,0,156,,607,26,,,0,10,,599,26,,,0,109,,598,26,,,0,108,,601,26,,,0,119,,596,26,,,0
9000,'5110',637,,608,26,,,0,118,,618,26,,,0,103,,609,26,,,0,150,,621,26,,,0,10,,620,26,,,0,95,,613,26,,,0,120,,619,26,,,0,89,,610,26,,,0,118,,616,26,,,0,10,,623,26,,,0,97,,611,26,,,0,65,,624,26,,,0,90,,622,26,,,0,10,,615,26,,,0,111,,614,26,,,0,106,,617,26,,,0,119,,612,26,,,0
