101,'4532',615,,1047,14,,,0,232,,1051,14,,,0,260,,1053,14,,,0,220,,1052,14,,,0,214,,1054,14,,,0,215,,1055,14,,,0,165,,1050,14,,,0,220,,1049,14,,,0,95,,1056,14,,,0,205,,1048,14,,,0
101,'5106',630,,751,14,,,0,82,,755,14,,,0,134,,752,14,,,0,154,,753,14,,,0,105,,754,14,,,0,105,,756,14,,,0,115,,398,14,,,0,116,,397,14,,,0,99,,743,14,,,0,161,,744,14,,,0,99,,384,14,,,0,120,,745,14,,,0,100,,746,14,,,0,120,,747,14,,,0,100,,748,14,,,0,201,,750,14,,,0
101,'5224',630,,1066,14,,,0,82,,1070,14,,,0,134,,1067,14,,,0,159,,1068,14,,,0,100,,1069,14,,,0,121,,1071,14,,,0,99,,1073,14,,,0,111,,1072,14,,,0,104,,1057,14,,,0,116,,1058,14,,,0,99,,1059,14,,,0,165,,1060,14,,,0,100,,1061,14,,,0,120,,1062,14,,,0,100,,1063,14,,,0,201,,1065,14,,,0
101,'5228',615,,1074,14,,,0,231,,1078,14,,,0,260,,1080,14,,,0,220,,1079,14,,,0,215,,1081,14,,,0,215,,1082,14,,,0,165,,1077,14,,,0,220,,1076,14,,,0,95,,1083,14,,,0,205,,1075,14,,,0
9001,'4532',719,,1290,10,,,0,238,,1289,10,,,0,360,,1296,10,,,0,2,,1300,10,,,0,38,,1291,10,,,0,290,,1298,10,,,0,365,,1287,10,,,0,120,,1286,10,,,0
9001,'5106',637,,986,10,,,0,75,,987,10,,,0,33,,988,10,,,0,92,,980,10,,,0,65,,989,10,,,0,24,,990,10,,,0,33,,991,10,,,0,98,,982,10,,,0,150,,1002,10,,,0,35,,993,10,,,0,105,,999,10,,,0,55,,995,10,,,0,32,,1003,10,,,0,99,,981,10,,,0,99,,994,10,,,0,120,,997,10,,,0,70,,1007,10,,,0,95,,985,10,,,0,130,,1005,10,,,0,85,,998,10,,,0,100,,984,10,,,0
9001,'5224',637,,1310,10,,,0,75,,1311,10,,,0,33,,1312,10,,,0,97,,1303,10,,,0,60,,1313,10,,,0,24,,1314,10,,,0,76,,1315,10,,,0,55,,1306,10,,,0,160,,1324,10,,,0,25,,1317,10,,,0,105,,1321,10,,,0,80,,1325,10,,,0,106,,1304,10,,,0,99,,1318,10,,,0,190,,1329,10,,,0,90,,1309,10,,,0,135,,1327,10,,,0,85,,1320,10,,,0,100,,1308,10,,,0
9001,'5225',1402,,1330,10,,,0,345,,1332,10,,,0
9001,'5226',1402,,1333,10,,,0,345,,1335,10,,,0
9001,'5228',719,,1341,10,,,0,238,,1340,10,,,0,360,,1346,10,,,0,40,,1338,10,,,0,290,,1348,10,,,0,365,,1337,10,,,0,120,,1336,10,,,0
