101,'4706',711,,45,72,,,0,39,,49,72,,,0,179,,46,72,,,0,114,,47,72,,,0,111,,48,72,,,0,98,,50,72,,,0,159,,52,72,,,0,112,,51,72,,,0,102,,36,72,,,0,91,,37,72,,,0,126,,38,72,,,0,165,,39,72,,,0,100,,40,72,,,0,114,,41,72,,,0,99,,42,72,,,0,28,,43,52,,,0,173,,44,72,,,0
101,'5009',656,,53,72,,,0,273,,57,72,,,0,221,,59,72,,,0,261,,58,72,,,0,214,,60,72,,,0,217,,61,72,,,0,165,,56,72,,,0,214,,55,72,,,0,299,,54,72,,,0
101,'5010',656,,62,72,,,0,273,,66,72,,,0,221,,68,72,,,0,261,,67,72,,,0,214,,69,72,,,0,217,,70,72,,,0,165,,65,72,,,0,214,,64,72,,,0,299,,63,72,,,0
101,'5106',711,,391,72,,,0,39,,395,72,,,0,179,,392,72,,,0,114,,393,72,,,0,106,,394,72,,,0,103,,396,72,,,0,159,,398,72,,,0,112,,397,72,,,0,102,,382,72,,,0,116,,383,72,,,0,101,,384,72,,,0,160,,385,72,,,0,100,,386,72,,,0,119,,387,72,,,0,99,,388,72,,,0,28,,389,52,,,0,173,,390,72,,,0
101,'5109',655,,399,72,,,0,274,,403,72,,,0,223,,405,72,,,0,260,,404,72,,,0,213,,406,72,,,0,220,,407,72,,,0,163,,402,72,,,0,215,,401,72,,,0,95,,408,72,,,0,202,,400,72,,,0
101,'5110',655,,409,72,,,0,274,,413,72,,,0,223,,415,72,,,0,260,,414,72,,,0,213,,416,72,,,0,220,,417,72,,,0,163,,412,72,,,0,215,,411,72,,,0,95,,418,72,,,0,202,,410,72,,,0
9001,'4706',626,,270,32,,,0,31,,277,35,,,0,76,,278,35,,,0,75,,279,35,,,0,29,,295,32,,,0,63,,271,35,,,0,25,,280,35,,,0,23,,281,35,,,0,72,,282,35,,,0,27,,292,32,,,0,71,,273,35,,,0,38,,283,32,,,0,72,,293,35,,,0,77,,284,35,,,0,107,,290,35,,,0,15,,286,35,,,0,32,,294,35,,,0,100,,272,35,,,0,66,,287,32,,,0,31,,285,35,,,0,68,,297,32,,,0,24,,291,32,,,0,67,,288,35,,,0,30,,298,35,,,0,92,,276,35,,,0,96,,274,32,,,0,77,,296,35,,,0,45,,289,35,,,0,100,,275,35,,,0
9001,'4707',1340,,299,32,,,0,194,,300,32,,,0
9001,'4890',1340,,301,32,,,0,194,,302,32,,,0
9001,'5009',741,,308,35,,,0,117,,310,32,,,0,101,,307,35,,,0,158,,315,32,,,0,98,,340,32,,,0,127,,314,35,,,0,88,,339,35,,,0,128,,311,32,,,0,88,,341,35,,,0,168,,312,32,,,0,124,,313,32,,,0,97,,304,35,,,0,120,,303,35,,,0
9001,'5010',741,,321,35,,,0,117,,323,32,,,0,101,,320,35,,,0,158,,328,32,,,0,98,,343,32,,,0,127,,327,35,,,0,88,,342,35,,,0,128,,324,32,,,0,88,,344,35,,,0,168,,325,32,,,0,124,,326,32,,,0,97,,317,35,,,0,120,,316,35,,,0
9001,'5106',626,,625,32,,,0,31,,632,35,,,0,76,,633,35,,,0,75,,634,35,,,0,29,,650,32,,,0,63,,626,35,,,0,25,,635,35,,,0,23,,636,35,,,0,72,,637,35,,,0,27,,647,32,,,0,71,,628,35,,,0,38,,638,32,,,0,72,,648,35,,,0,77,,639,35,,,0,107,,645,35,,,0,15,,641,35,,,0,32,,649,35,,,0,100,,627,35,,,0,66,,642,32,,,0,31,,640,35,,,0,58,,652,32,,,0,34,,646,32,,,0,67,,643,35,,,0,30,,653,35,,,0,95,,631,35,,,0,93,,629,32,,,0,77,,651,35,,,0,45,,644,35,,,0,100,,630,35,,,0
9001,'5107',1340,,654,32,,,0,194,,655,32,,,0
9001,'5108',1340,,656,32,,,0,194,,657,32,,,0
9001,'5109',740,,663,35,,,0,119,,665,32,,,0,141,,662,35,,,0,119,,670,32,,,0,2,,671,32,,,0,98,,661,32,,,0,123,,669,35,,,0,2,,672,35,,,0,88,,660,35,,,0,124,,666,32,,,0,90,,664,35,,,0,168,,667,32,,,0,2,,673,32,,,0,121,,668,32,,,0,97,,659,35,,,0,120,,658,35,,,0
9001,'5110',740,,679,35,,,0,119,,681,32,,,0,141,,678,35,,,0,119,,686,32,,,0,2,,687,32,,,0,98,,677,32,,,0,123,,685,35,,,0,90,,676,35,,,0,124,,682,32,,,0,44,,689,32,,,0,46,,680,35,,,0,70,,690,35,,,0,98,,683,32,,,0,2,,688,32,,,0,121,,684,32,,,0,97,,675,35,,,0,120,,674,35,,,0
