400,'4706',617,,187,32,,,0,125,,188,32,,,0,275,,189,32,,,0,220,,190,32,,,0,115,,191,32,,,0,450,,186,32,,,0,145,,185,32,,,0
400,'4707',1641,,193,32,,,0,617,,192,36,,,0
400,'4890',1641,,194,32,,,0
400,'5009',728,,202,32,,,0,280,,197,32,,,0,120,,196,32,,,0,209,,199,32,,,0,210,,198,32,,,0,263,,200,32,,,0,121,,201,32,,,0,306,,195,32,,,0
400,'5010',728,,210,32,,,0,280,,205,32,,,0,120,,204,32,,,0,209,,207,32,,,0,210,,206,32,,,0,263,,208,32,,,0,121,,209,32,,,0,306,,203,32,,,0
400,'5106',617,,535,32,,,0,125,,536,32,,,0,275,,537,32,,,0,220,,538,32,,,0,115,,539,32,,,0,450,,534,32,,,0,140,,533,32,,,0
400,'5107',1641,,540,32,,,0
400,'5108',1641,,542,32,,,0,617,,541,36,,,0
400,'5109',727,,550,32,,,0,281,,545,32,,,0,122,,544,32,,,0,207,,547,32,,,0,206,,546,32,,,0,264,,548,32,,,0,126,,549,32,,,0,302,,543,32,,,0
400,'5110',727,,558,32,,,0,281,,553,32,,,0,121,,552,32,,,0,205,,555,32,,,0,214,,554,32,,,0,262,,556,32,,,0,123,,557,32,,,0,302,,551,32,,,0
