301,'4706',651,,162,4,0,9 10,0,188,,163,4,0,9 10,0,292,,157,4,0,9 10,0,178,,161,4,0,9 10,0,123,,160,4,0,9 10,0,221,,158,4,0,9 10,0,264,,159,4,0,9 10,0
301,'4707',1728,,165,4,0,9 10,0,424,,164,4,0,9 10,0
301,'4890',1728,,166,4,0,9 10,0
301,'5009',626,,170,4,0,9 10,0,180,,174,4,0,9 10,0,124,,175,4,0,9 10,0,171,,168,4,0,9 10,0,146,,172,4,0,9 10,0,258,,169,4,0,9 10,0,205,,167,4,0,9 10,0,136,,173,4,0,9 10,0,277,,171,4,0,9 10,0
301,'5010',626,,179,4,0,9 10,0,180,,183,4,0,9 10,0,124,,184,4,0,9 10,0,171,,177,4,0,9 10,0,146,,181,4,0,9 10,0,258,,178,4,0,9 10,0,205,,176,4,0,9 10,0,136,,182,4,0,9 10,0,277,,180,4,0,9 10,0
301,'5106',651,,510,4,0,9 10,0,180,,511,4,0,9 10,0,300,,505,4,0,9 10,0,178,,509,4,0,9 10,0,123,,508,4,0,9 10,0,221,,506,4,0,9 10,0,264,,507,4,0,9 10,0
301,'5107',1728,,512,4,0,9 10,0
301,'5108',1728,,514,4,0,9 10,0,424,,513,4,0,9 10,0
301,'5109',627,,519,4,0,9 10,0,179,,522,4,0,9 10,0,124,,523,4,0,9 10,0,171,,516,4,0,9 10,0,146,,518,4,0,9 10,0,258,,517,4,0,9 10,0,205,,515,4,0,9 10,0,133,,521,4,0,9 10,0,280,,520,4,0,9 10,0
301,'5110',627,,527,4,0,9 10,0,179,,531,4,0,9 10,0,124,,532,4,0,9 10,0,170,,525,4,0,9 10,0,147,,529,4,0,9 10,0,262,,526,4,0,9 10,0,199,,524,4,0,9 10,0,135,,530,4,0,9 10,0,283,,528,4,0,9 10,0
