101,'4706',708,,45,69,,,0,39,,49,69,,,0,179,,46,69,,,0,114,,47,69,,,0,110,,48,69,,,0,99,,50,69,,,0,158,,52,69,,,0,113,,51,69,,,0,101,,36,69,,,0,92,,37,69,,,0,126,,38,69,,,0,165,,39,69,,,0,100,,40,69,,,0,115,,41,69,,,0,99,,42,69,,,0,28,,43,49,,,0,173,,44,69,,,0
101,'5010',653,,62,69,,,0,273,,66,69,,,0,220,,68,69,,,0,261,,67,69,,,0,214,,69,69,,,0,218,,70,69,,,0,165,,65,69,,,0,215,,64,69,,,0,299,,63,69,,,0
101,'5106',708,,391,69,,,0,39,,395,69,,,0,179,,392,69,,,0,114,,393,69,,,0,105,,394,69,,,0,104,,396,69,,,0,158,,398,69,,,0,113,,397,69,,,0,101,,382,69,,,0,117,,383,69,,,0,101,,384,69,,,0,120,,385,69,,,0,100,,386,69,,,0,160,,387,69,,,0,99,,388,69,,,0,28,,389,49,,,0,173,,390,69,,,0
101,'5109',652,,399,69,,,0,274,,403,69,,,0,223,,405,69,,,0,260,,404,69,,,0,213,,406,69,,,0,220,,407,69,,,0,163,,402,69,,,0,215,,401,69,,,0,95,,408,69,,,0,203,,400,69,,,0
101,'5110',652,,409,69,,,0,274,,413,69,,,0,223,,415,69,,,0,260,,414,69,,,0,213,,416,69,,,0,220,,417,69,,,0,163,,412,69,,,0,215,,411,69,,,0,95,,418,69,,,0,203,,410,69,,,0
9001,'4706',623,,270,29,,,0,31,,277,32,,,0,76,,278,32,,,0,75,,279,32,,,0,29,,295,29,,,0,23,,271,32,,,0,65,,280,32,,,0,23,,281,32,,,0,73,,282,32,,,0,27,,292,29,,,0,71,,273,32,,,0,38,,283,29,,,0,72,,293,32,,,0,76,,284,32,,,0,35,,301,29,,,0,72,,290,32,,,0,15,,286,32,,,0,32,,294,32,,,0,75,,302,29,,,0,25,,272,32,,,0,66,,287,29,,,0,31,,285,32,,,0,68,,297,29,,,0,24,,291,29,,,0,67,,288,32,,,0,30,,298,32,,,0,92,,276,32,,,0,96,,274,29,,,0,77,,296,32,,,0,45,,289,32,,,0,100,,275,32,,,0
9001,'4967',1337,,625,29,,,0,194,,626,29,,,0
9001,'5010',738,,321,32,,,0,117,,323,29,,,0,101,,320,32,,,0,159,,328,29,,,0,98,,343,29,,,0,126,,327,32,,,0,88,,342,32,,,0,128,,324,29,,,0,88,,344,32,,,0,168,,325,29,,,0,124,,326,29,,,0,97,,317,32,,,0,120,,316,32,,,0
9001,'5106',623,,627,29,,,0,31,,634,32,,,0,76,,635,32,,,0,75,,636,32,,,0,29,,652,29,,,0,23,,628,32,,,0,65,,637,32,,,0,23,,638,32,,,0,73,,639,32,,,0,27,,649,29,,,0,71,,630,32,,,0,38,,640,29,,,0,72,,650,32,,,0,76,,641,32,,,0,107,,647,32,,,0,15,,643,32,,,0,32,,651,32,,,0,100,,629,32,,,0,66,,644,29,,,0,31,,642,32,,,0,58,,654,29,,,0,34,,648,29,,,0,67,,645,32,,,0,30,,655,32,,,0,95,,633,32,,,0,93,,631,29,,,0,77,,653,32,,,0,45,,646,32,,,0,100,,632,32,,,0
9001,'5107',1337,,656,29,,,0,194,,657,29,,,0
9001,'5109',737,,663,32,,,0,119,,665,29,,,0,101,,662,32,,,0,159,,670,29,,,0,2,,671,29,,,0,98,,661,29,,,0,123,,669,32,,,0,2,,672,32,,,0,88,,660,32,,,0,124,,666,29,,,0,90,,664,32,,,0,168,,667,29,,,0,2,,673,29,,,0,121,,668,29,,,0,97,,659,32,,,0,120,,658,32,,,0
9001,'5110',737,,679,32,,,0,119,,681,29,,,0,101,,678,32,,,0,159,,686,29,,,0,2,,687,29,,,0,98,,677,29,,,0,123,,685,32,,,0,90,,676,32,,,0,124,,682,29,,,0,4,,689,29,,,0,86,,680,32,,,0,70,,690,32,,,0,98,,683,29,,,0,2,,688,29,,,0,121,,684,29,,,0,97,,675,32,,,0,120,,674,32,,,0
