300,'4706',649,,132,10,0,9 10,0,187,,133,10,0,9 10,0,292,,134,10,0,9 10,0,178,,135,10,0,9 10,0,123,,129,10,0,9 10,0,221,,131,10,0,9 10,0,265,,130,10,0,9 10,0
300,'4707',1726,,136,10,0,9 10,0,423,,137,10,0,9 10,0
300,'4890',1726,,138,10,0,9 10,0
300,'5009',624,,146,10,0,9 10,0,179,,140,10,0,9 10,0,124,,147,10,0,9 10,0,131,,141,10,0,9 10,0,186,,142,10,0,9 10,0,258,,143,10,0,9 10,0,205,,144,10,0,9 10,0,137,,145,10,0,9 10,0,277,,139,10,0,9 10,0
300,'5010',624,,155,10,0,9 10,0,179,,149,10,0,9 10,0,124,,156,10,0,9 10,0,131,,150,10,0,9 10,0,186,,151,10,0,9 10,0,258,,152,10,0,9 10,0,205,,153,10,0,9 10,0,137,,154,10,0,9 10,0,277,,148,10,0,9 10,0
300,'5106',649,,480,10,0,9 10,0,179,,481,10,0,9 10,0,300,,482,10,0,9 10,0,178,,483,10,0,9 10,0,123,,477,10,0,9 10,0,221,,479,10,0,9 10,0,265,,478,10,0,9 10,0
300,'5107',1726,,484,10,0,9 10,0
300,'5108',1726,,485,10,0,9 10,0,423,,486,10,0,9 10,0
300,'5109',624,,494,10,0,9 10,0,179,,488,10,0,9 10,0,124,,495,10,0,9 10,0,130,,489,10,0,9 10,0,187,,490,10,0,9 10,0,258,,491,10,0,9 10,0,205,,492,10,0,9 10,0,134,,493,10,0,9 10,0,280,,487,10,0,9 10,0
300,'5110',624,,503,10,0,9 10,0,179,,497,10,0,9 10,0,124,,504,10,0,9 10,0,130,,498,10,0,9 10,0,187,,499,10,0,9 10,0,262,,500,10,0,9 10,0,199,,501,10,0,9 10,0,136,,502,10,0,9 10,0,283,,496,10,0,9 10,0
