201,'4706',532,,81,4,,,0,127,,84,4,,,0,70,,76,4,,,0,81,,77,4,,,0,98,,75,4,,,0,206,,79,4,,,0,39,,80,4,,,0,83,,87,4,,,0,105,,82,4,,,0,102,,83,4,,,0,76,,74,4,,,0,200,,73,4,,,0,119,,71,4,,,0,181,,72,4,,,0,386,,88,4,,,0
201,'4707',1749,,91,4,,,0,461,,89,4,,,0,117,,90,4,,,0
201,'4890',1749,,92,4,,,0
201,'5009',557,,103,4,,,0,87,,106,4,,,0,168,,95,4,,,0,89,,97,4,,,0,117,,329,4,,,0,102,,110,4,,,0,94,,98,4,,,0,95,,99,4,,,0,123,,108,4,,,0,72,,330,4,,,0,123,,101,4,,,0,108,,109,4,,,0,102,,104,4,,,0,165,,105,4,,,0,52,,102,4,,,0,87,,93,4,,,0
201,'5010',557,,121,4,,,0,87,,124,4,,,0,168,,113,4,,,0,89,,115,4,,,0,117,,331,4,,,0,102,,128,4,,,0,94,,116,4,,,0,95,,117,4,,,0,123,,126,4,,,0,72,,332,4,,,0,123,,119,4,,,0,108,,127,4,,,0,102,,122,4,,,0,165,,123,4,,,0,52,,120,4,,,0,87,,111,4,,,0
201,'5106',532,,429,4,,,0,127,,432,4,,,0,70,,424,4,,,0,73,,425,4,,,0,106,,423,4,,,0,206,,427,4,,,0,39,,428,4,,,0,83,,435,4,,,0,105,,430,4,,,0,97,,431,4,,,0,76,,422,4,,,0,203,,421,4,,,0,116,,420,4,,,0,181,,419,4,,,0,391,,436,4,,,0
201,'5107',1749,,437,4,,,0
201,'5108',1749,,440,4,,,0,461,,438,4,,,0,117,,439,4,,,0
201,'5109',557,,451,4,,,0,87,,454,4,,,0,168,,443,4,,,0,89,,445,4,,,0,133,,444,4,,,0,86,,458,4,,,0,94,,446,4,,,0,95,,447,4,,,0,123,,456,4,,,0,69,,448,4,,,0,126,,449,4,,,0,107,,457,4,,,0,103,,452,4,,,0,172,,453,4,,,0,35,,450,4,,,0,97,,441,4,,,0
201,'5110',557,,469,4,,,0,87,,472,4,,,0,169,,461,4,,,0,92,,463,4,,,0,129,,462,4,,,0,83,,476,4,,,0,97,,464,4,,,0,102,,465,4,,,0,116,,474,4,,,0,72,,466,4,,,0,121,,467,4,,,0,113,,475,4,,,0,99,,470,4,,,0,173,,471,4,,,0,35,,468,4,,,0,99,,459,4,,,0
