101,'4706',722,,45,90,,,0,85,,49,96,,,0,134,,46,90,,,0,114,,47,90,,,0,151,,48,90,,,0,103,,50,96,,,0,114,,52,90,,,0,117,,51,96,,,0,97,,36,90,,,0,96,,37,96,,,0,119,,38,90,,,0,165,,39,90,,,0,100,,40,90,,,0,114,,41,90,,,0,99,,42,90,,,0,28,,43,70,,,0,173,,44,90,,,0
101,'5009',707,,53,90,,,0,234,,57,90,,,0,261,,59,90,,,0,221,,58,90,,,0,214,,60,90,,,0,215,,61,90,,,0,165,,56,90,,,0,214,,55,90,,,0,299,,54,90,,,0
101,'5010',707,,62,90,,,0,234,,66,90,,,0,261,,68,90,,,0,221,,67,90,,,0,214,,69,90,,,0,215,,70,90,,,0,165,,65,90,,,0,214,,64,90,,,0,299,,63,90,,,0
101,'5106',722,,391,90,,,0,85,,395,96,,,0,134,,392,90,,,0,114,,393,90,,,0,146,,394,90,,,0,108,,396,96,,,0,114,,398,90,,,0,117,,397,96,,,0,97,,382,90,,,0,121,,383,96,,,0,94,,384,90,,,0,160,,385,90,,,0,100,,386,90,,,0,119,,387,90,,,0,99,,388,90,,,0,28,,389,70,,,0,173,,390,90,,,0
101,'5109',707,,399,90,,,0,233,,403,90,,,0,264,,405,90,,,0,220,,404,90,,,0,212,,406,90,,,0,219,,407,90,,,0,163,,402,90,,,0,215,,401,90,,,0,95,,408,90,,,0,202,,400,90,,,0
101,'5110',707,,409,90,,,0,233,,413,90,,,0,264,,415,90,,,0,220,,414,90,,,0,212,,416,90,,,0,219,,417,90,,,0,163,,412,90,,,0,215,,411,90,,,0,95,,418,90,,,0,202,,410,90,,,0
9001,'4706',637,,270,50,,,0,71,,277,53,,,0,38,,278,53,,,0,76,,279,53,,,0,29,,295,50,,,0,61,,271,53,,,0,25,,280,53,,,0,22,,281,53,,,0,72,,282,53,,,0,27,,292,50,,,0,71,,273,53,,,0,81,,283,50,,,0,32,,293,53,,,0,77,,284,53,,,0,107,,290,53,,,0,15,,286,53,,,0,72,,294,53,,,0,100,,272,53,,,0,26,,287,50,,,0,71,,285,53,,,0,27,,297,50,,,0,64,,291,50,,,0,27,,288,53,,,0,29,,298,53,,,0,92,,276,53,,,0,95,,274,50,,,0,78,,296,53,,,0,85,,289,53,,,0,100,,275,53,,,0
9001,'4707',1354,,299,50,,,0,194,,300,50,,,0
9001,'4890',1354,,301,50,,,0,194,,302,50,,,0
9001,'5009',754,,308,53,,,0,156,,310,50,,,0,100,,307,53,,,0,118,,315,50,,,0,101,,340,50,,,0,127,,314,53,,,0,88,,339,53,,,0,168,,311,50,,,0,88,,341,53,,,0,127,,312,50,,,0,123,,313,50,,,0,97,,304,53,,,0,160,,303,53,,,0
9001,'5010',754,,321,53,,,0,156,,323,50,,,0,100,,320,53,,,0,118,,328,50,,,0,101,,343,50,,,0,127,,327,53,,,0,88,,342,53,,,0,168,,324,50,,,0,88,,344,53,,,0,127,,325,50,,,0,123,,326,50,,,0,97,,317,53,,,0,160,,316,53,,,0
9001,'5106',637,,625,50,,,0,71,,632,53,,,0,38,,633,53,,,0,76,,634,53,,,0,29,,650,50,,,0,61,,626,53,,,0,25,,635,53,,,0,22,,636,53,,,0,72,,637,53,,,0,27,,647,50,,,0,71,,628,53,,,0,81,,638,50,,,0,32,,648,53,,,0,77,,639,53,,,0,107,,645,53,,,0,15,,641,53,,,0,72,,649,53,,,0,100,,627,53,,,0,26,,642,50,,,0,71,,640,53,,,0,17,,652,50,,,0,74,,646,50,,,0,27,,643,53,,,0,29,,653,53,,,0,95,,631,53,,,0,92,,629,50,,,0,78,,651,53,,,0,85,,644,53,,,0,100,,630,53,,,0
9001,'5107',1354,,654,50,,,0,194,,655,50,,,0
9001,'5108',1354,,656,50,,,0,194,,657,50,,,0
9001,'5109',753,,663,53,,,0,159,,665,50,,,0,102,,662,53,,,0,119,,670,50,,,0,2,,671,50,,,0,98,,661,50,,,0,123,,669,53,,,0,2,,672,53,,,0,88,,660,53,,,0,164,,666,50,,,0,90,,664,53,,,0,127,,667,50,,,0,2,,673,50,,,0,121,,668,50,,,0,97,,659,53,,,0,160,,658,53,,,0
9001,'5110',753,,679,53,,,0,159,,681,50,,,0,102,,678,53,,,0,119,,686,50,,,0,2,,687,50,,,0,98,,677,50,,,0,123,,685,53,,,0,90,,676,53,,,0,164,,682,50,,,0,4,,689,50,,,0,86,,680,53,,,0,29,,690,53,,,0,98,,683,50,,,0,2,,688,50,,,0,121,,684,50,,,0,97,,675,53,,,0,160,,674,53,,,0
