100,'4706',603,,11,85,,,0,41,,13,85,,,0,174,,10,85,,,0,100,,15,91,0,5 6 2,0,125,,12,85,,,0,100,,14,85,,,0,110,,16,91,0,5 6 2,0,105,,2,85,,,0,155,,17,91,0,5 6 2,0,94,,1,85,,,0,126,,3,91,0,5 6 2,0,124,,5,85,,,0,100,,6,85,,,0,160,,7,85,,,0,95,,4,85,,,0,146,,9,85,,,0
100,'5009',553,,18,85,,,0,265,,19,85,,,0,221,,20,85,,,0,211,,21,85,,,0,257,,22,85,,,0,225,,23,85,,,0,125,,24,85,,,0,255,,25,85,,,0,300,,26,85,,,0
100,'5010',553,,27,85,,,0,265,,28,85,,,0,221,,29,85,,,0,211,,30,85,,,0,257,,31,85,,,0,225,,32,85,,,0,125,,33,85,,,0,255,,34,85,,,0,300,,35,85,,,0
100,'5106',603,,355,85,,,0,41,,357,85,,,0,174,,354,85,,,0,100,,359,91,0,5 6 2,0,120,,356,85,,,0,105,,358,85,,,0,110,,360,91,0,5 6 2,0,105,,346,85,,,0,155,,361,91,0,5 6 2,0,114,,345,85,,,0,106,,347,91,0,5 6 2,0,119,,349,85,,,0,100,,350,85,,,0,165,,351,85,,,0,90,,348,85,,,0,151,,353,85,,,0
100,'5109',554,,362,85,,,0,264,,363,85,,,0,224,,364,85,,,0,210,,365,85,,,0,258,,366,85,,,0,224,,367,85,,,0,123,,368,85,,,0,255,,369,85,,,0,95,,371,85,,,0,204,,370,85,,,0
100,'5110',554,,372,85,,,0,264,,373,85,,,0,224,,374,85,,,0,210,,375,85,,,0,258,,376,85,,,0,224,,377,85,,,0,118,,378,85,,,0,260,,379,85,,,0,95,,381,85,,,0,204,,380,85,,,0
9000,'4706',623,,235,51,,,0,98,,220,51,,,0,29,,212,51,,,0,161,,234,51,,,0,30,,222,51,,,0,170,,224,51,,,0,30,,232,51,,,0,179,,237,51,,,0,22,,225,51,,,0,70,,233,51,,,0,130,,226,51,,,0,97,,231,51,,,0,65,,228,51,,,0,98,,216,51,,,0,145,,229,51,,,0,75,,218,51,,,0,185,,217,51,,,0
9000,'5009',654,,244,51,,,0,162,,254,51,,,0,221,,256,51,,,0,95,,335,51,,,0,120,,255,51,,,0,260,,252,51,,,0,325,,250,51,,,0,270,,248,51,,,0
9000,'5010',654,,257,51,,,0,162,,267,51,,,0,221,,269,51,,,0,95,,338,51,,,0,120,,268,51,,,0,260,,265,51,,,0,325,,263,51,,,0,270,,261,51,,,0
9000,'5106',623,,583,51,,,0,98,,568,51,,,0,29,,560,51,,,0,161,,582,51,,,0,30,,570,51,,,0,170,,572,51,,,0,30,,580,51,,,0,179,,585,51,,,0,22,,573,51,,,0,70,,581,51,,,0,130,,574,51,,,0,90,,579,51,,,0,72,,576,51,,,0,98,,564,51,,,0,145,,577,51,,,0,75,,566,51,,,0,185,,565,51,,,0
9000,'5109',655,,592,51,,,0,158,,602,51,,,0,215,,605,51,,,0,10,,604,51,,,0,95,,597,51,,,0,110,,606,51,,,0,11,,603,51,,,0,258,,600,51,,,0,330,,598,51,,,0,265,,596,51,,,0
9000,'5110',655,,608,51,,,0,158,,618,51,,,0,215,,621,51,,,0,10,,620,51,,,0,95,,613,51,,,0,120,,619,51,,,0,249,,616,51,,,0,10,,623,51,,,0,332,,614,51,,,0,263,,612,51,,,0
