300,'4706',646,,132,4,0,9 10,0,187,,133,4,0,9 10,0,291,,134,4,0,9 10,0,178,,135,4,0,9 10,0,123,,129,4,0,9 10,0,221,,131,4,0,9 10,0,265,,130,4,0,9 10,0
300,'4707',1722,,136,4,0,9 10,0,424,,137,4,0,9 10,0
300,'4890',1722,,138,4,0,9 10,0
300,'5009',621,,146,4,0,9 10,0,179,,140,4,0,9 10,0,124,,147,4,0,9 10,0,130,,141,4,0,9 10,0,186,,142,4,0,9 10,0,218,,143,4,0,9 10,0,245,,144,4,0,9 10,0,137,,145,4,0,9 10,0,278,,139,4,0,9 10,0
300,'5010',621,,155,4,0,9 10,0,179,,149,4,0,9 10,0,124,,156,4,0,9 10,0,130,,150,4,0,9 10,0,186,,151,4,0,9 10,0,218,,152,4,0,9 10,0,245,,153,4,0,9 10,0,137,,154,4,0,9 10,0,278,,148,4,0,9 10,0
300,'5106',646,,480,4,0,9 10,0,179,,481,4,0,9 10,0,299,,482,4,0,9 10,0,178,,483,4,0,9 10,0,123,,477,4,0,9 10,0,221,,479,4,0,9 10,0,265,,478,4,0,9 10,0
300,'5107',1722,,484,4,0,9 10,0
300,'5108',1722,,485,4,0,9 10,0,424,,486,4,0,9 10,0
300,'5109',621,,494,4,0,9 10,0,179,,488,4,0,9 10,0,124,,495,4,0,9 10,0,130,,489,4,0,9 10,0,186,,490,4,0,9 10,0,218,,491,4,0,9 10,0,245,,492,4,0,9 10,0,135,,493,4,0,9 10,0,280,,487,4,0,9 10,0
300,'5110',621,,503,4,0,9 10,0,179,,497,4,0,9 10,0,124,,504,4,0,9 10,0,130,,498,4,0,9 10,0,186,,499,4,0,9 10,0,262,,500,4,0,9 10,0,199,,501,4,0,9 10,0,137,,502,4,0,9 10,0,283,,496,4,0,9 10,0
