400,'4706',605,,187,15,,,0,124,,188,15,,,0,276,,189,15,,,0,220,,190,15,,,0,115,,191,15,,,0,410,,186,15,,,0,185,,185,15,,,0
400,'4707',1629,,193,15,,,0,617,,192,19,,,0
400,'4890',1629,,194,15,,,0
400,'5009',715,,202,15,,,0,241,,197,15,,,0,160,,196,15,,,0,209,,199,15,,,0,209,,198,15,,,0,224,,200,15,,,0,161,,201,15,,,0,306,,195,15,,,0
400,'5010',715,,210,15,,,0,241,,205,15,,,0,160,,204,15,,,0,209,,207,15,,,0,209,,206,15,,,0,224,,208,15,,,0,161,,209,15,,,0,306,,203,15,,,0
400,'5106',605,,535,15,,,0,124,,536,15,,,0,276,,537,15,,,0,220,,538,15,,,0,115,,539,15,,,0,410,,534,15,,,0,180,,533,15,,,0
400,'5107',1629,,540,15,,,0
400,'5108',1629,,542,15,,,0,617,,541,19,,,0
400,'5109',715,,550,15,,,0,241,,545,15,,,0,162,,544,15,,,0,207,,547,15,,,0,206,,546,15,,,0,224,,548,15,,,0,166,,549,15,,,0,302,,543,15,,,0
400,'5110',715,,558,15,,,0,241,,553,15,,,0,160,,552,15,,,0,206,,555,15,,,0,214,,554,15,,,0,222,,556,15,,,0,163,,557,15,,,0,302,,551,15,,,0
