300,'4706',647,,132,6,0,9 10,0,187,,133,6,0,9 10,0,291,,134,6,0,9 10,0,178,,135,6,0,9 10,0,123,,129,6,0,9 10,0,222,,131,6,0,9 10,0,265,,130,6,0,9 10,0
300,'4707',1724,,136,6,0,9 10,0,423,,137,6,0,9 10,0
300,'4890',1724,,138,6,0,9 10,0
300,'5009',622,,146,6,0,9 10,0,179,,140,6,0,9 10,0,124,,147,6,0,9 10,0,131,,141,6,0,9 10,0,185,,142,6,0,9 10,0,218,,143,6,0,9 10,0,246,,144,6,0,9 10,0,137,,145,6,0,9 10,0,277,,139,6,0,9 10,0
300,'5010',622,,155,6,0,9 10,0,179,,149,6,0,9 10,0,124,,156,6,0,9 10,0,131,,150,6,0,9 10,0,185,,151,6,0,9 10,0,218,,152,6,0,9 10,0,246,,153,6,0,9 10,0,137,,154,6,0,9 10,0,277,,148,6,0,9 10,0
300,'5106',647,,480,6,0,9 10,0,179,,481,6,0,9 10,0,299,,482,6,0,9 10,0,178,,483,6,0,9 10,0,123,,477,6,0,9 10,0,222,,479,6,0,9 10,0,265,,478,6,0,9 10,0
300,'5107',1724,,484,6,0,9 10,0
300,'5108',1724,,485,6,0,9 10,0,423,,486,6,0,9 10,0
300,'5109',622,,494,6,0,9 10,0,179,,488,6,0,9 10,0,124,,495,6,0,9 10,0,130,,489,6,0,9 10,0,186,,490,6,0,9 10,0,259,,491,6,0,9 10,0,205,,492,6,0,9 10,0,134,,493,6,0,9 10,0,280,,487,6,0,9 10,0
300,'5110',622,,503,6,0,9 10,0,179,,497,6,0,9 10,0,124,,504,6,0,9 10,0,130,,498,6,0,9 10,0,186,,499,6,0,9 10,0,263,,500,6,0,9 10,0,199,,501,6,0,9 10,0,136,,502,6,0,9 10,0,283,,496,6,0,9 10,0
