100,'4532',537,,1010,59,,,0,263,,1011,59,,,0,224,,1012,59,,,0,211,,1013,59,,,0,218,,1014,59,,,0,260,,1015,59,,,0,126,,1016,59,,,0,216,,1017,59,,,0,95,,1019,59,,,0,206,,1018,59,,,0
100,'5106',547,,718,59,,,0,81,,720,59,,,0,172,,717,59,,,0,100,,722,65,0,5 6 2,0,120,,719,59,,,0,105,,721,59,,,0,109,,360,65,0,5 6 2,0,106,,346,59,,,0,114,,723,65,0,5 6 2,0,155,,710,59,,,0,106,,347,65,0,5 6 2,0,118,,712,59,,,0,101,,713,59,,,0,166,,714,59,,,0,50,,711,59,,,0,153,,715,59,0,7 8,0,38,,716,59,,,0
100,'5224',547,,1030,59,,,0,81,,1032,59,,,0,172,,1029,59,,,0,100,,1034,65,0,5 6 2,0,120,,1031,59,,,0,105,,1033,59,,,0,109,,1035,65,0,5 6 2,0,106,,1021,59,,,0,114,,1036,65,0,5 6 2,0,155,,1020,59,,,0,106,,1022,65,0,5 6 2,0,113,,1024,59,,,0,106,,1025,59,,,0,166,,1026,59,,,0,50,,1023,59,,,0,153,,1027,59,0,7 8,0,38,,1028,59,,,0
100,'5228',538,,1037,59,,,0,264,,1038,59,,,0,223,,1039,59,,,0,210,,1040,59,,,0,220,,1041,59,,,0,260,,1042,59,,,0,115,,1043,59,,,0,225,,1044,59,,,0,95,,1046,59,,,0,206,,1045,59,,,0
9000,'4532',645,,1220,37,,,0,163,,1230,37,,,0,120,,1221,37,,,0,90,,1233,37,,,0,10,,1232,37,,,0,115,,1225,37,,,0,90,,1234,37,,,0,10,,1231,37,,,0,90,,1222,37,,,0,168,,1228,37,,,0,117,,1223,37,,,0,95,,1235,37,,,0,10,,1227,37,,,0,113,,1226,37,,,0,107,,1229,37,,,0,114,,1224,37,,,0
9000,'5106',545,,913,37,,,0,68,,937,37,,,0,35,,921,37,,,0,63,,922,37,,,0,29,,914,37,,,0,67,,923,37,,,0,27,,938,37,,,0,66,,936,37,,,0,30,,924,37,,,0,28,,925,37,,,0,70,,915,37,,,0,72,,926,37,,,0,30,,934,37,,,0,77,,916,37,,,0,36,,943,37,,,0,65,,939,37,,,0,22,,927,37,,,0,70,,935,37,,,0,33,,942,37,,,0,70,,917,37,,,0,27,,928,37,,,0,72,,929,37,,,0,19,,933,37,,,0,32,,930,37,,,0,69,,940,37,,,0,29,,918,37,,,0,92,,941,37,,,0,94,,931,37,,,0,75,,920,37,,,0,91,,932,37,,,0,54,,919,37,,,0
9000,'5224',545,,1236,37,,,0,68,,1260,37,,,0,35,,1244,37,,,0,63,,1245,37,,,0,28,,1237,37,,,0,68,,1246,37,,,0,27,,1261,37,,,0,66,,1259,37,,,0,26,,1247,37,,,0,32,,1248,37,,,0,70,,1238,37,,,0,72,,1249,37,,,0,41,,1257,37,,,0,66,,1239,37,,,0,36,,1255,37,,,0,65,,1262,37,,,0,92,,1258,37,,,0,33,,1250,37,,,0,70,,1240,37,,,0,99,,1251,37,,,0,19,,1256,37,,,0,32,,1252,37,,,0,98,,1241,37,,,0,92,,1263,37,,,0,94,,1253,37,,,0,75,,1243,37,,,0,91,,1254,37,,,0,54,,1242,37,,,0
9000,'5225',1330,,1264,37,,,0,200,,1265,37,,,0,182,,1266,37,,,0
9000,'5226',1330,,1267,37,,,0,200,,1268,37,,,0,182,,1269,37,,,0
9000,'5228',645,,1270,37,,,0,163,,1278,37,,,0,121,,1271,37,,,0,89,,1285,37,,,0,10,,1280,37,,,0,115,,1274,37,,,0,99,,1279,37,,,0,92,,1272,37,,,0,118,,1284,37,,,0,50,,1281,37,,,0,122,,1282,37,,,0,90,,1283,37,,,0,10,,1276,37,,,0,113,,1275,37,,,0,107,,1277,37,,,0,114,,1273,37,,,0
