400,'4706',621,,187,40,,,0,125,,188,40,,,0,275,,189,40,,,0,220,,190,40,,,0,115,,191,40,,,0,450,,186,40,,,0,145,,185,40,,,0
400,'4707',1645,,193,40,,,0,657,,192,44,,,0
400,'4890',1645,,194,40,,,0
400,'5009',732,,202,40,,,0,280,,197,40,,,0,120,,196,40,,,0,209,,199,40,,,0,211,,198,40,,,0,262,,200,40,,,0,122,,201,40,,,0,306,,195,40,,,0
400,'5010',732,,210,40,,,0,280,,205,40,,,0,120,,204,40,,,0,209,,207,40,,,0,211,,206,40,,,0,262,,208,40,,,0,122,,209,40,,,0,306,,203,40,,,0
400,'5106',621,,535,40,,,0,125,,536,40,,,0,275,,537,40,,,0,220,,538,40,,,0,115,,539,40,,,0,450,,534,40,,,0,140,,533,40,,,0
400,'5107',1645,,540,40,,,0
400,'5108',1645,,542,40,,,0,657,,541,44,,,0
400,'5109',731,,550,40,,,0,281,,545,40,,,0,122,,544,40,,,0,207,,547,40,,,0,207,,546,40,,,0,263,,548,40,,,0,127,,549,40,,,0,301,,543,40,,,0
400,'5110',731,,558,40,,,0,282,,553,40,,,0,120,,552,40,,,0,206,,555,40,,,0,214,,554,40,,,0,262,,556,40,,,0,123,,557,40,,,0,301,,551,40,,,0
