100,'4532',459,,1010,1,,,0,260,,1011,1,,,0,222,,1012,1,,,0,210,,1013,1,,,0,259,,1014,1,,,0,220,,1015,1,,,0,128,,1016,1,,,0,257,,1017,1,,,0,95,,1019,1,,,0,207,,1018,1,,,0
100,'5106',509,,718,1,,,0,41,,720,1,,,0,170,,717,1,,,0,93,,722,1,0,5 6 2,0,127,,719,1,,,0,105,,721,1,,,0,102,,360,1,0,5 6 2,0,112,,346,1,,,0,147,,723,1,0,5 6 2,0,122,,710,1,,,0,98,,347,1,0,5 6 2,0,124,,712,1,,,0,104,,713,1,,,0,166,,714,1,,,0,90,,711,1,,,0,113,,715,1,0,7 8,0,79,,716,1,,,0
100,'5224',509,,1030,1,,,0,41,,1032,1,,,0,170,,1029,1,,,0,93,,1034,1,0,5 6 2,0,127,,1031,1,,,0,105,,1033,1,,,0,102,,1035,1,0,5 6 2,0,112,,1021,1,,,0,147,,1036,1,0,5 6 2,0,122,,1020,1,,,0,98,,1022,1,0,5 6 2,0,119,,1024,1,,,0,109,,1025,1,,,0,166,,1026,1,,,0,90,,1023,1,,,0,113,,1027,1,0,7 8,0,79,,1028,1,,,0
100,'5228',459,,1037,1,,,0,263,,1038,1,,,0,221,,1039,1,,,0,210,,1040,1,,,0,260,,1041,1,,,0,220,,1042,1,,,0,117,,1043,1,,,0,265,,1044,1,,,0,95,,1046,1,,,0,206,,1045,1,,,0
101,'4532',708,,1047,91,4,,0,233,,1051,91,4,,0,264,,1053,91,4,,0,220,,1052,91,4,,0,212,,1054,91,4,,0,214,,1055,91,4,,0,163,,1050,91,4,,0,220,,1049,91,4,,0,95,,1056,91,4,,0,202,,1048,91,4,,0
101,'5106',723,,751,91,4,,0,85,,755,97,4,,0,134,,752,91,4,,0,114,,753,91,4,,0,146,,754,91,4,,0,108,,756,97,4,,0,114,,398,91,4,,0,117,,397,97,4,,0,97,,743,91,4,,0,121,,744,97,4,,0,94,,384,91,4,,0,160,,745,91,4,,0,100,,746,91,4,,0,119,,747,91,4,,0,99,,748,91,4,,0,28,,749,71,4,,0,173,,750,91,4,,0
101,'5224',723,,1066,91,4,,0,85,,1070,97,4,,0,134,,1067,91,4,,0,159,,1068,91,4,,0,101,,1069,91,4,,0,124,,1071,97,4,,0,98,,1073,91,4,,0,112,,1072,97,4,,0,102,,1057,91,4,,0,116,,1058,97,4,,0,94,,1059,91,4,,0,165,,1060,91,4,,0,100,,1061,91,4,,0,119,,1062,91,4,,0,99,,1063,91,4,,0,28,,1064,71,4,,0,173,,1065,91,4,,0
101,'5228',707,,1074,91,4,,0,232,,1078,91,4,,0,263,,1080,91,4,,0,217,,1079,91,4,,0,215,,1081,91,4,,0,214,,1082,91,4,,0,164,,1077,91,4,,0,220,,1076,91,4,,0,95,,1083,91,4,,0,202,,1075,91,4,,0
9000,'4532',617,,1220,1,,,0,123,,1230,1,,,0,117,,1221,1,,,0,89,,1233,1,,,0,10,,1232,1,,,0,155,,1225,1,,,0,90,,1234,1,,,0,10,,1231,1,,,0,48,,1222,1,,,0,168,,1228,1,,,0,117,,1223,1,,,0,95,,1235,1,,,0,10,,1227,1,,,0,155,,1226,1,,,0,109,,1229,1,,,0,115,,1224,1,,,0
9000,'5106',518,,913,1,,,0,28,,937,1,,,0,75,,921,1,,,0,22,,922,1,,,0,67,,914,1,,,0,26,,923,1,,,0,66,,938,1,,,0,26,,936,1,,,0,31,,924,1,,,0,69,,925,1,,,0,30,,915,1,,,0,72,,926,1,,,0,70,,934,1,,,0,37,,916,1,,,0,75,,943,1,,,0,25,,939,1,,,0,22,,927,1,,,0,69,,935,1,,,0,73,,942,1,,,0,30,,917,1,,,0,26,,928,1,,,0,72,,929,1,,,0,20,,933,1,,,0,72,,930,1,,,0,29,,940,1,,,0,70,,918,1,,,0,92,,941,1,,,0,96,,931,1,,,0,35,,920,1,,,0,92,,932,1,,,0,95,,919,1,,,0
9000,'5224',518,,1236,1,,,0,28,,1260,1,,,0,75,,1244,1,,,0,22,,1245,1,,,0,66,,1237,1,,,0,27,,1246,1,,,0,66,,1261,1,,,0,26,,1259,1,,,0,27,,1247,1,,,0,73,,1248,1,,,0,30,,1238,1,,,0,72,,1249,1,,,0,81,,1257,1,,,0,26,,1239,1,,,0,75,,1255,1,,,0,25,,1262,1,,,0,91,,1258,1,,,0,73,,1250,1,,,0,30,,1240,1,,,0,98,,1251,1,,,0,20,,1256,1,,,0,72,,1252,1,,,0,99,,1241,1,,,0,92,,1263,1,,,0,96,,1253,1,,,0,35,,1243,1,,,0,92,,1254,1,,,0,95,,1242,1,,,0
9000,'5225',1259,,1264,1,,,0,198,,1265,1,,,0,183,,1266,1,,,0
9000,'5226',1259,,1267,1,,,0,198,,1268,1,,,0,183,,1269,1,,,0
9000,'5228',617,,1270,1,,,0,122,,1278,1,,,0,119,,1271,1,,,0,89,,1285,1,,,0,10,,1280,1,,,0,154,,1274,1,,,0,97,,1279,1,,,0,94,,1272,1,,,0,118,,1284,1,,,0,10,,1281,1,,,0,122,,1282,1,,,0,90,,1283,1,,,0,10,,1276,1,,,0,153,,1275,1,,,0,110,,1277,1,,,0,115,,1273,1,,,0
9001,'4532',754,,1290,54,4,,0,159,,1292,51,4,,0,122,,1289,54,4,,0,99,,1297,51,4,,0,2,,1299,51,4,,0,118,,1288,51,4,,0,103,,1296,54,4,,0,2,,1300,54,4,,0,78,,1291,54,4,,0,174,,1293,51,4,,0,114,,1298,54,4,,0,98,,1294,51,4,,0,2,,1301,51,4,,0,121,,1295,51,4,,0,102,,1287,54,4,,0,160,,1286,54,4,,0
9001,'5106',638,,979,51,4,,0,71,,986,54,4,,0,38,,987,54,4,,0,76,,988,54,4,,0,29,,1004,51,4,,0,61,,980,54,4,,0,25,,989,54,4,,0,62,,990,54,4,,0,32,,991,54,4,,0,27,,1001,51,4,,0,71,,982,54,4,,0,81,,992,51,4,,0,32,,1002,54,4,,0,77,,993,54,4,,0,35,,1008,51,4,,0,72,,999,54,4,,0,15,,995,54,4,,0,72,,1003,54,4,,0,35,,1009,51,4,,0,65,,981,54,4,,0,26,,996,51,4,,0,71,,994,54,4,,0,17,,1006,51,4,,0,74,,1000,51,4,,0,27,,997,54,4,,0,29,,1007,54,4,,0,95,,985,54,4,,0,92,,983,51,4,,0,78,,1005,54,4,,0,85,,998,54,4,,0,100,,984,54,4,,0
9001,'5224',638,,1302,51,4,,0,71,,1310,54,4,,0,38,,1311,54,4,,0,76,,1312,54,4,,0,28,,1326,51,4,,0,67,,1303,54,4,,0,20,,1313,54,4,,0,62,,1314,54,4,,0,35,,1315,54,4,,0,24,,1323,51,4,,0,71,,1306,54,4,,0,72,,1316,51,4,,0,51,,1324,54,4,,0,67,,1317,54,4,,0,35,,1305,51,4,,0,72,,1321,54,4,,0,80,,1325,54,4,,0,42,,1319,51,4,,0,65,,1304,54,4,,0,97,,1318,54,4,,0,12,,1328,51,4,,0,82,,1322,51,4,,0,53,,1329,54,4,,0,90,,1309,54,4,,0,97,,1307,51,4,,0,78,,1327,54,4,,0,85,,1320,54,4,,0,100,,1308,54,4,,0
9001,'5225',1442,,1330,54,4,,0,193,,1331,51,4,,0,189,,1332,54,4,,0
9001,'5226',1442,,1333,54,4,,0,193,,1334,51,4,,0,189,,1335,54,4,,0
9001,'5228',753,,1341,54,4,,0,157,,1342,51,4,,0,122,,1340,54,4,,0,99,,1347,51,4,,0,2,,1349,51,4,,0,118,,1339,51,4,,0,104,,1346,54,4,,0,80,,1338,54,4,,0,174,,1343,51,4,,0,2,,1350,51,4,,0,112,,1348,54,4,,0,99,,1344,51,4,,0,2,,1351,51,4,,0,121,,1345,51,4,,0,102,,1337,54,4,,0,160,,1336,54,4,,0
