101,'4706',706,,45,67,,,0,40,,49,67,,,0,178,,46,67,,,0,114,,47,67,,,0,110,,48,67,,,0,99,,50,67,,,0,158,,52,67,,,0,114,,51,67,,,0,100,,36,67,,,0,93,,37,67,,,0,125,,38,67,,,0,165,,39,67,,,0,100,,40,67,,,0,115,,41,67,,,0,99,,42,67,,,0,28,,43,47,,,0,173,,44,67,,,0
101,'4822',650,,409,67,,,0,274,,413,67,,,0,223,,415,67,,,0,260,,414,67,,,0,213,,416,67,,,0,220,,417,67,,,0,163,,412,67,,,0,215,,411,67,,,0,95,,418,67,,,0,203,,410,67,,,0
101,'4826',650,,399,67,,,0,274,,403,67,,,0,223,,405,67,,,0,260,,404,67,,,0,213,,406,67,,,0,220,,407,67,,,0,163,,402,67,,,0,215,,401,67,,,0,95,,408,67,,,0,203,,400,67,,,0
101,'5106',706,,391,67,,,0,40,,395,67,,,0,178,,392,67,,,0,114,,393,67,,,0,105,,394,67,,,0,104,,396,67,,,0,158,,398,67,,,0,114,,397,67,,,0,100,,382,67,,,0,118,,383,67,,,0,100,,384,67,,,0,120,,385,67,,,0,100,,386,67,,,0,160,,387,67,,,0,99,,388,67,,,0,28,,389,47,,,0,173,,390,67,,,0
9001,'4706',622,,270,27,,,0,31,,277,30,,,0,75,,278,30,,,0,75,,279,30,,,0,29,,295,27,,,0,24,,271,30,,,0,65,,280,30,,,0,23,,281,30,,,0,73,,282,30,,,0,27,,292,27,,,0,71,,273,30,,,0,38,,283,27,,,0,72,,293,30,,,0,75,,284,30,,,0,35,,301,27,,,0,72,,290,30,,,0,15,,286,30,,,0,33,,294,30,,,0,74,,302,27,,,0,25,,272,30,,,0,67,,287,27,,,0,31,,285,30,,,0,68,,297,27,,,0,24,,291,27,,,0,67,,288,30,,,0,30,,298,30,,,0,92,,276,30,,,0,96,,274,27,,,0,77,,296,30,,,0,45,,289,30,,,0,100,,275,30,,,0
9001,'4822',736,,679,30,,,0,119,,681,27,,,0,101,,678,30,,,0,159,,686,27,,,0,2,,687,27,,,0,98,,677,27,,,0,122,,685,30,,,0,90,,676,30,,,0,124,,682,27,,,0,5,,689,27,,,0,86,,680,30,,,0,70,,690,30,,,0,98,,683,27,,,0,2,,688,27,,,0,121,,684,27,,,0,97,,675,30,,,0,120,,674,30,,,0
9001,'4826',736,,663,30,,,0,119,,665,27,,,0,101,,662,30,,,0,159,,670,27,,,0,2,,671,27,,,0,98,,661,27,,,0,122,,669,30,,,0,2,,672,30,,,0,88,,660,30,,,0,124,,666,27,,,0,91,,664,30,,,0,168,,667,27,,,0,2,,673,27,,,0,121,,668,27,,,0,97,,659,30,,,0,120,,658,30,,,0
9001,'4967',1335,,625,27,,,0,194,,626,27,,,0
9001,'5106',622,,627,27,,,0,31,,634,30,,,0,75,,635,30,,,0,75,,636,30,,,0,29,,652,27,,,0,24,,628,30,,,0,65,,637,30,,,0,23,,638,30,,,0,73,,639,30,,,0,27,,649,27,,,0,71,,630,30,,,0,38,,640,27,,,0,72,,650,30,,,0,75,,641,30,,,0,107,,647,30,,,0,15,,643,30,,,0,33,,651,30,,,0,99,,629,30,,,0,67,,644,27,,,0,31,,642,30,,,0,58,,654,27,,,0,34,,648,27,,,0,67,,645,30,,,0,30,,655,30,,,0,95,,633,30,,,0,93,,631,27,,,0,77,,653,30,,,0,45,,646,30,,,0,100,,632,30,,,0
9001,'5107',1335,,656,27,,,0,194,,657,27,,,0
