9001,'4706',604,,270,5,,,0,208,,295,5,,,0,213,,292,5,,,0,109,,283,5,,,0,466,,287,5,,,0,100,,297,5,,,0,24,,291,5,,,0,285,,274,5,,,0
9001,'4707',1315,,299,5,,,0,191,,300,5,,,0
9001,'4890',1315,,301,5,,,0,191,,302,5,,,0
9001,'5009',834,,310,5,,,0,221,,315,5,,,0,98,,340,5,,,0,378,,311,5,,,0,219,,312,5,,,0,164,,313,5,,,0
9001,'5010',834,,323,5,,,0,221,,328,5,,,0,98,,343,5,,,0,378,,324,5,,,0,219,,325,5,,,0,164,,326,5,,,0
9001,'5106',604,,625,5,,,0,208,,650,5,,,0,213,,647,5,,,0,109,,638,5,,,0,466,,642,5,,,0,50,,652,5,,,0,74,,646,5,,,0,285,,629,5,,,0
9001,'5107',1315,,654,5,,,0,191,,655,5,,,0
9001,'5108',1315,,656,5,,,0,191,,657,5,,,0
9001,'5109',835,,665,5,,,0,220,,670,5,,,0,2,,671,5,,,0,98,,661,5,,,0,375,,666,5,,,0,220,,667,5,,,0,2,,673,5,,,0,162,,668,5,,,0
9001,'5110',835,,681,5,,,0,220,,686,5,,,0,2,,687,5,,,0,98,,677,5,,,0,375,,682,5,,,0,5,,689,5,,,0,215,,683,5,,,0,2,,688,5,,,0,162,,684,5,,,0
