9000,'4706',536,,211,24,,,0,68,,235,24,,,0,35,,219,24,,,0,62,,220,24,,,0,28,,212,24,,,0,27,,221,24,,,0,66,,236,24,,,0,26,,234,24,,,0,71,,222,24,,,0,29,,223,24,,,0,70,,213,24,,,0,32,,224,24,,,0,70,,232,24,,,0,37,,214,24,,,0,100,,237,24,,,0,62,,225,24,,,0,30,,233,24,,,0,103,,215,24,,,0,66,,226,24,,,0,32,,227,24,,,0,67,,231,24,,,0,25,,228,24,,,0,69,,238,24,,,0,29,,216,24,,,0,97,,239,24,,,0,90,,229,24,,,0,75,,218,24,,,0,52,,230,24,,,0,94,,217,24,,,0
9000,'4707',1232,,241,24,,,0,190,,240,24,,,0
9000,'4890',1232,,243,24,,,0,190,,242,24,,,0
9000,'5009',635,,244,24,,,0,120,,254,24,,,0,100,,245,24,,,0,161,,256,24,,,0,95,,335,24,,,0,118,,255,24,,,0,91,,333,24,,,0,129,,252,24,,,0,97,,334,24,,,0,160,,251,24,,,0,109,,250,24,,,0,113,,253,24,,,0,119,,248,24,,,0
9000,'5010',635,,257,24,,,0,120,,267,24,,,0,100,,258,24,,,0,161,,269,24,,,0,95,,338,24,,,0,118,,268,24,,,0,91,,336,24,,,0,129,,265,24,,,0,97,,337,24,,,0,160,,264,24,,,0,109,,263,24,,,0,113,,266,24,,,0,119,,261,24,,,0
9000,'5106',536,,559,24,,,0,68,,583,24,,,0,35,,567,24,,,0,62,,568,24,,,0,28,,560,24,,,0,27,,569,24,,,0,66,,584,24,,,0,26,,582,24,,,0,71,,570,24,,,0,29,,571,24,,,0,70,,561,24,,,0,32,,572,24,,,0,70,,580,24,,,0,37,,562,24,,,0,100,,585,24,,,0,62,,573,24,,,0,30,,581,24,,,0,103,,563,24,,,0,66,,574,24,,,0,32,,575,24,,,0,60,,579,24,,,0,32,,576,24,,,0,69,,586,24,,,0,29,,564,24,,,0,92,,587,24,,,0,95,,577,24,,,0,75,,566,24,,,0,52,,578,24,,,0,94,,565,24,,,0
9000,'5107',1232,,589,24,,,0,190,,588,24,,,0
9000,'5108',1232,,591,24,,,0,190,,590,24,,,0
9000,'5109',636,,592,24,,,0,118,,602,24,,,0,103,,593,24,,,0,150,,605,24,,,0,10,,604,24,,,0,95,,597,24,,,0,110,,606,24,,,0,11,,603,24,,,0,88,,594,24,,,0,128,,600,24,,,0,96,,595,24,,,0,156,,607,24,,,0,10,,599,24,,,0,109,,598,24,,,0,108,,601,24,,,0,119,,596,24,,,0
9000,'5110',636,,608,24,,,0,118,,618,24,,,0,103,,609,24,,,0,150,,621,24,,,0,10,,620,24,,,0,95,,613,24,,,0,120,,619,24,,,0,89,,610,24,,,0,118,,616,24,,,0,10,,623,24,,,0,97,,611,24,,,0,65,,624,24,,,0,90,,622,24,,,0,10,,615,24,,,0,111,,614,24,,,0,106,,617,24,,,0,119,,612,24,,,0
