101,'4706',722,,45,88,,,0,84,,49,94,,,0,135,,46,88,,,0,114,,47,88,,,0,150,,48,88,,,0,103,,50,94,,,0,114,,52,88,,,0,117,,51,94,,,0,97,,36,88,,,0,96,,37,94,,,0,120,,38,88,,,0,165,,39,88,,,0,100,,40,88,,,0,114,,41,88,,,0,99,,42,88,,,0,28,,43,68,,,0,173,,44,88,,,0
101,'5009',707,,53,88,,,0,234,,57,88,,,0,260,,59,88,,,0,221,,58,88,,,0,214,,60,88,,,0,216,,61,88,,,0,165,,56,88,,,0,214,,55,88,,,0,299,,54,88,,,0
101,'5010',707,,62,88,,,0,234,,66,88,,,0,260,,68,88,,,0,221,,67,88,,,0,214,,69,88,,,0,216,,70,88,,,0,165,,65,88,,,0,214,,64,88,,,0,299,,63,88,,,0
101,'5106',722,,391,88,,,0,84,,395,94,,,0,135,,392,88,,,0,114,,393,88,,,0,145,,394,88,,,0,108,,396,94,,,0,114,,398,88,,,0,117,,397,94,,,0,97,,382,88,,,0,121,,383,94,,,0,95,,384,88,,,0,160,,385,88,,,0,100,,386,88,,,0,119,,387,88,,,0,99,,388,88,,,0,28,,389,68,,,0,173,,390,88,,,0
101,'5109',707,,399,88,,,0,233,,403,88,,,0,264,,405,88,,,0,220,,404,88,,,0,212,,406,88,,,0,219,,407,88,,,0,163,,402,88,,,0,215,,401,88,,,0,95,,408,88,,,0,202,,400,88,,,0
101,'5110',707,,409,88,,,0,233,,413,88,,,0,264,,415,88,,,0,220,,414,88,,,0,212,,416,88,,,0,219,,417,88,,,0,163,,412,88,,,0,215,,411,88,,,0,95,,418,88,,,0,202,,410,88,,,0
9001,'4706',636,,270,48,,,0,71,,277,51,,,0,38,,278,51,,,0,76,,279,51,,,0,29,,295,48,,,0,61,,271,51,,,0,25,,280,51,,,0,22,,281,51,,,0,72,,282,51,,,0,27,,292,48,,,0,71,,273,51,,,0,81,,283,48,,,0,32,,293,51,,,0,77,,284,51,,,0,107,,290,51,,,0,15,,286,51,,,0,72,,294,51,,,0,100,,272,51,,,0,26,,287,48,,,0,71,,285,51,,,0,27,,297,48,,,0,64,,291,48,,,0,27,,288,51,,,0,29,,298,51,,,0,92,,276,51,,,0,95,,274,48,,,0,78,,296,51,,,0,85,,289,51,,,0,100,,275,51,,,0
9001,'4707',1353,,299,48,,,0,194,,300,48,,,0
9001,'4890',1353,,301,48,,,0,194,,302,48,,,0
9001,'5009',753,,308,51,,,0,156,,310,48,,,0,100,,307,51,,,0,118,,315,48,,,0,101,,340,48,,,0,127,,314,51,,,0,88,,339,51,,,0,168,,311,48,,,0,48,,341,51,,,0,167,,312,48,,,0,123,,313,48,,,0,97,,304,51,,,0,160,,303,51,,,0
9001,'5010',753,,321,51,,,0,156,,323,48,,,0,100,,320,51,,,0,118,,328,48,,,0,101,,343,48,,,0,127,,327,51,,,0,88,,342,51,,,0,168,,324,48,,,0,48,,344,51,,,0,167,,325,48,,,0,123,,326,48,,,0,97,,317,51,,,0,160,,316,51,,,0
9001,'5106',636,,625,48,,,0,71,,632,51,,,0,38,,633,51,,,0,76,,634,51,,,0,29,,650,48,,,0,61,,626,51,,,0,25,,635,51,,,0,22,,636,51,,,0,72,,637,51,,,0,27,,647,48,,,0,71,,628,51,,,0,81,,638,48,,,0,32,,648,51,,,0,77,,639,51,,,0,107,,645,51,,,0,15,,641,51,,,0,72,,649,51,,,0,100,,627,51,,,0,26,,642,48,,,0,71,,640,51,,,0,17,,652,48,,,0,74,,646,48,,,0,27,,643,51,,,0,29,,653,51,,,0,95,,631,51,,,0,92,,629,48,,,0,78,,651,51,,,0,85,,644,51,,,0,100,,630,51,,,0
9001,'5107',1353,,654,48,,,0,194,,655,48,,,0
9001,'5108',1353,,656,48,,,0,194,,657,48,,,0
9001,'5109',752,,663,51,,,0,159,,665,48,,,0,102,,662,51,,,0,119,,670,48,,,0,2,,671,48,,,0,98,,661,48,,,0,123,,669,51,,,0,2,,672,51,,,0,88,,660,51,,,0,164,,666,48,,,0,50,,664,51,,,0,167,,667,48,,,0,2,,673,48,,,0,121,,668,48,,,0,97,,659,51,,,0,160,,658,51,,,0
9001,'5110',752,,679,51,,,0,159,,681,48,,,0,102,,678,51,,,0,119,,686,48,,,0,2,,687,48,,,0,98,,677,48,,,0,123,,685,51,,,0,90,,676,51,,,0,164,,682,48,,,0,4,,689,48,,,0,46,,680,51,,,0,69,,690,51,,,0,98,,683,48,,,0,2,,688,48,,,0,121,,684,48,,,0,97,,675,51,,,0,160,,674,51,,,0
