9000,'4706',539,,211,30,,,0,68,,235,30,,,0,35,,219,30,,,0,62,,220,30,,,0,29,,212,30,,,0,67,,221,30,,,0,26,,236,30,,,0,26,,234,30,,,0,71,,222,30,,,0,28,,223,30,,,0,70,,213,30,,,0,32,,224,30,,,0,70,,232,30,,,0,77,,214,30,,,0,101,,237,30,,,0,22,,225,30,,,0,30,,233,30,,,0,103,,215,30,,,0,66,,226,30,,,0,32,,227,30,,,0,67,,231,30,,,0,25,,228,30,,,0,69,,238,30,,,0,29,,216,30,,,0,97,,239,30,,,0,89,,229,30,,,0,75,,218,30,,,0,52,,230,30,,,0,94,,217,30,,,0
9000,'4707',1236,,241,30,,,0,190,,240,30,,,0
9000,'4890',1236,,243,30,,,0,190,,242,30,,,0
9000,'5009',638,,244,30,,,0,121,,254,30,,,0,100,,245,30,,,0,160,,256,30,,,0,95,,335,30,,,0,119,,255,30,,,0,91,,333,30,,,0,129,,252,30,,,0,97,,334,30,,,0,160,,251,30,,,0,109,,250,30,,,0,112,,253,30,,,0,119,,248,30,,,0
9000,'5010',638,,257,30,,,0,121,,267,30,,,0,100,,258,30,,,0,160,,269,30,,,0,95,,338,30,,,0,119,,268,30,,,0,91,,336,30,,,0,129,,265,30,,,0,97,,337,30,,,0,160,,264,30,,,0,109,,263,30,,,0,112,,266,30,,,0,119,,261,30,,,0
9000,'5106',539,,559,30,,,0,68,,583,30,,,0,35,,567,30,,,0,62,,568,30,,,0,29,,560,30,,,0,67,,569,30,,,0,26,,584,30,,,0,26,,582,30,,,0,71,,570,30,,,0,28,,571,30,,,0,70,,561,30,,,0,32,,572,30,,,0,70,,580,30,,,0,77,,562,30,,,0,101,,585,30,,,0,22,,573,30,,,0,30,,581,30,,,0,103,,563,30,,,0,66,,574,30,,,0,32,,575,30,,,0,60,,579,30,,,0,32,,576,30,,,0,69,,586,30,,,0,29,,564,30,,,0,92,,587,30,,,0,94,,577,30,,,0,75,,566,30,,,0,52,,578,30,,,0,94,,565,30,,,0
9000,'5107',1236,,589,30,,,0,190,,588,30,,,0
9000,'5108',1236,,591,30,,,0,190,,590,30,,,0
9000,'5109',639,,592,30,,,0,118,,602,30,,,0,144,,593,30,,,0,110,,605,30,,,0,10,,604,30,,,0,95,,597,30,,,0,110,,606,30,,,0,11,,603,30,,,0,88,,594,30,,,0,128,,600,30,,,0,96,,595,30,,,0,156,,607,30,,,0,10,,599,30,,,0,109,,598,30,,,0,107,,601,30,,,0,119,,596,30,,,0
9000,'5110',639,,608,30,,,0,118,,618,30,,,0,144,,609,30,,,0,110,,621,30,,,0,10,,620,30,,,0,95,,613,30,,,0,120,,619,30,,,0,89,,610,30,,,0,118,,616,30,,,0,10,,623,30,,,0,97,,611,30,,,0,65,,624,30,,,0,90,,622,30,,,0,10,,615,30,,,0,111,,614,30,,,0,105,,617,30,,,0,119,,612,30,,,0
