400,'4706',636,,187,54,,,0,165,,188,54,,,0,235,,189,54,,,0,220,,190,54,,,0,155,,191,54,,,0,410,,186,54,,,0,185,,185,54,,,0
400,'4707',1658,,193,54,,,0,659,,192,58,,,0
400,'4890',1658,,194,54,,,0
400,'5009',748,,202,54,,,0,281,,197,54,,,0,120,,196,54,,,0,209,,199,54,,,0,250,,198,54,,,0,222,,200,54,,,0,122,,201,54,,,0,305,,195,54,,,0
400,'5010',748,,210,54,,,0,281,,205,54,,,0,120,,204,54,,,0,209,,207,54,,,0,250,,206,54,,,0,222,,208,54,,,0,122,,209,54,,,0,305,,203,54,,,0
400,'5106',636,,535,54,,,0,165,,536,54,,,0,235,,537,54,,,0,220,,538,54,,,0,155,,539,54,,,0,410,,534,54,,,0,180,,533,54,,,0
400,'5107',1658,,540,54,,,0
400,'5108',1658,,542,54,,,0,659,,541,58,,,0
400,'5109',746,,550,54,,,0,284,,545,54,,,0,122,,544,54,,,0,207,,547,54,,,0,245,,546,54,,,0,224,,548,54,,,0,125,,549,54,,,0,301,,543,54,,,0
400,'5110',746,,558,54,,,0,284,,553,54,,,0,120,,552,54,,,0,207,,555,54,,,0,252,,554,54,,,0,222,,556,54,,,0,122,,557,54,,,0,301,,551,54,,,0
