100,'4706',556,,11,76,,,0,81,,13,76,,,0,174,,10,76,,,0,100,,15,82,0,5 6 2,0,125,,12,76,,,0,100,,14,76,,,0,110,,16,82,0,5 6 2,0,105,,2,76,,,0,155,,17,82,0,5 6 2,0,94,,1,76,,,0,126,,3,82,0,5 6 2,0,123,,5,76,,,0,100,,6,76,,,0,161,,7,76,,,0,95,,4,76,,,0,146,,9,76,,,0
100,'5009',546,,18,76,,,0,265,,19,76,,,0,221,,20,76,,,0,211,,21,76,,,0,257,,22,76,,,0,225,,23,76,,,0,124,,24,76,,,0,256,,25,76,,,0,300,,26,76,,,0
100,'5010',546,,27,76,,,0,265,,28,76,,,0,221,,29,76,,,0,211,,30,76,,,0,257,,31,76,,,0,225,,32,76,,,0,124,,33,76,,,0,256,,34,76,,,0,300,,35,76,,,0
100,'5106',556,,355,76,,,0,81,,357,76,,,0,174,,354,76,,,0,100,,359,82,0,5 6 2,0,120,,356,76,,,0,105,,358,76,,,0,110,,360,82,0,5 6 2,0,105,,346,76,,,0,155,,361,82,0,5 6 2,0,114,,345,76,,,0,106,,347,82,0,5 6 2,0,118,,349,76,,,0,100,,350,76,,,0,166,,351,76,,,0,90,,348,76,,,0,151,,353,76,,,0
100,'5109',547,,362,76,,,0,264,,363,76,,,0,223,,364,76,,,0,211,,365,76,,,0,257,,366,76,,,0,224,,367,76,,,0,123,,368,76,,,0,255,,369,76,,,0,55,,371,76,,,0,245,,370,76,,,0
100,'5110',547,,372,76,,,0,264,,373,76,,,0,223,,374,76,,,0,211,,375,76,,,0,257,,376,76,,,0,224,,377,76,,,0,118,,378,76,,,0,260,,379,76,,,0,55,,381,76,,,0,245,,380,76,,,0
101,'4706',637,,45,26,,,0,81,,49,26,,,0,136,,46,26,,,0,154,,47,26,,,0,110,,48,26,,,0,99,,50,26,,,0,117,,52,26,,,0,114,,51,26,,,0,100,,36,26,,,0,95,,37,26,,,0,165,,38,26,,,0,125,,39,26,,,0,100,,40,26,,,0,115,,41,26,,,0,99,,42,26,,,0,68,,43,6,,,0,133,,44,26,,,0
101,'5009',622,,53,26,,,0,232,,57,26,,,0,260,,59,26,,,0,220,,58,26,,,0,214,,60,26,,,0,260,,61,26,,,0,125,,56,26,,,0,215,,55,26,,,0,299,,54,26,,,0
101,'5010',622,,62,26,,,0,232,,66,26,,,0,260,,68,26,,,0,220,,67,26,,,0,214,,69,26,,,0,260,,70,26,,,0,125,,65,26,,,0,215,,64,26,,,0,299,,63,26,,,0
101,'5106',637,,391,26,,,0,81,,395,26,,,0,136,,392,26,,,0,154,,393,26,,,0,105,,394,26,,,0,104,,396,26,,,0,117,,398,26,,,0,114,,397,26,,,0,100,,382,26,,,0,160,,383,26,,,0,100,,384,26,,,0,120,,385,26,,,0,100,,386,26,,,0,120,,387,26,,,0,99,,388,26,,,0,68,,389,6,,,0,133,,390,26,,,0
101,'5109',622,,399,26,,,0,232,,403,26,,,0,262,,405,26,,,0,220,,404,26,,,0,213,,406,26,,,0,260,,407,26,,,0,125,,402,26,,,0,215,,401,26,,,0,95,,408,26,,,0,204,,400,26,,,0
101,'5110',622,,409,26,,,0,232,,413,26,,,0,262,,415,26,,,0,220,,414,26,,,0,213,,416,26,,,0,260,,417,26,,,0,125,,412,26,,,0,215,,411,26,,,0,95,,418,26,,,0,204,,410,26,,,0
