400,'4706',619,,187,35,,,0,125,,188,35,,,0,275,,189,35,,,0,220,,190,35,,,0,115,,191,35,,,0,450,,186,35,,,0,145,,185,35,,,0
400,'4707',1643,,193,35,,,0,657,,192,39,,,0
400,'4890',1643,,194,35,,,0
400,'5009',730,,202,35,,,0,280,,197,35,,,0,120,,196,35,,,0,209,,199,35,,,0,210,,198,35,,,0,263,,200,35,,,0,121,,201,35,,,0,306,,195,35,,,0
400,'5010',730,,210,35,,,0,280,,205,35,,,0,120,,204,35,,,0,209,,207,35,,,0,210,,206,35,,,0,263,,208,35,,,0,121,,209,35,,,0,306,,203,35,,,0
400,'5106',619,,535,35,,,0,125,,536,35,,,0,275,,537,35,,,0,220,,538,35,,,0,115,,539,35,,,0,450,,534,35,,,0,140,,533,35,,,0
400,'5107',1643,,540,35,,,0
400,'5108',1643,,542,35,,,0,657,,541,39,,,0
400,'5109',729,,550,35,,,0,281,,545,35,,,0,122,,544,35,,,0,207,,547,35,,,0,206,,546,35,,,0,264,,548,35,,,0,126,,549,35,,,0,302,,543,35,,,0
400,'5110',729,,558,35,,,0,281,,553,35,,,0,120,,552,35,,,0,206,,555,35,,,0,214,,554,35,,,0,262,,556,35,,,0,123,,557,35,,,0,302,,551,35,,,0
