400,'4706',620,,187,38,,,0,125,,188,38,,,0,275,,189,38,,,0,220,,190,38,,,0,115,,191,38,,,0,450,,186,38,,,0,145,,185,38,,,0
400,'4707',1644,,193,38,,,0,657,,192,42,,,0
400,'4890',1644,,194,38,,,0
400,'5009',731,,202,38,,,0,280,,197,38,,,0,120,,196,38,,,0,209,,199,38,,,0,211,,198,38,,,0,262,,200,38,,,0,122,,201,38,,,0,306,,195,38,,,0
400,'5010',731,,210,38,,,0,280,,205,38,,,0,120,,204,38,,,0,209,,207,38,,,0,211,,206,38,,,0,262,,208,38,,,0,122,,209,38,,,0,306,,203,38,,,0
400,'5106',620,,535,38,,,0,125,,536,38,,,0,275,,537,38,,,0,220,,538,38,,,0,115,,539,38,,,0,450,,534,38,,,0,140,,533,38,,,0
400,'5107',1644,,540,38,,,0
400,'5108',1644,,542,38,,,0,657,,541,42,,,0
400,'5109',730,,550,38,,,0,281,,545,38,,,0,122,,544,38,,,0,207,,547,38,,,0,207,,546,38,,,0,263,,548,38,,,0,127,,549,38,,,0,301,,543,38,,,0
400,'5110',730,,558,38,,,0,282,,553,38,,,0,120,,552,38,,,0,206,,555,38,,,0,214,,554,38,,,0,262,,556,38,,,0,123,,557,38,,,0,301,,551,38,,,0
