100,'4706',549,,11,63,,,0,81,,13,63,,,0,173,,10,63,,,0,100,,15,69,0,5 6 2,0,125,,12,63,,,0,100,,14,63,,,0,109,,16,69,0,5 6 2,0,106,,2,63,,,0,114,,17,69,0,5 6 2,0,95,,1,63,,,0,166,,3,69,0,5 6 2,0,124,,5,63,,,0,100,,6,63,,,0,161,,7,63,,,0,55,,4,63,,,0,148,,8,63,0,7 8,0,38,,9,63,,,0
100,'5009',539,,18,63,,,0,264,,19,63,,,0,221,,20,63,,,0,211,,21,63,,,0,217,,22,63,,,0,265,,23,63,,,0,125,,24,63,,,0,216,,25,63,,,0,300,,26,63,,,0
100,'5010',539,,27,63,,,0,264,,28,63,,,0,221,,29,63,,,0,211,,30,63,,,0,217,,31,63,,,0,265,,32,63,,,0,125,,33,63,,,0,216,,34,63,,,0,300,,35,63,,,0
100,'5106',549,,355,63,,,0,81,,357,63,,,0,173,,354,63,,,0,100,,359,69,0,5 6 2,0,120,,356,63,,,0,105,,358,63,,,0,109,,360,69,0,5 6 2,0,106,,346,63,,,0,114,,361,69,0,5 6 2,0,155,,345,63,,,0,106,,347,69,0,5 6 2,0,118,,349,63,,,0,101,,350,63,,,0,166,,351,63,,,0,50,,348,63,,,0,153,,352,63,0,7 8,0,38,,353,63,,,0
100,'5109',540,,362,63,,,0,264,,363,63,,,0,223,,364,63,,,0,211,,365,63,,,0,216,,366,63,,,0,264,,367,63,,,0,124,,368,63,,,0,216,,369,63,,,0,95,,371,63,,,0,205,,370,63,,,0
100,'5110',540,,372,63,,,0,264,,373,63,,,0,223,,374,63,,,0,211,,375,63,,,0,216,,376,63,,,0,264,,377,63,,,0,119,,378,63,,,0,221,,379,63,,,0,95,,381,63,,,0,205,,380,63,,,0
9000,'4706',616,,235,41,,,0,98,,220,41,,,0,29,,212,41,,,0,160,,234,41,,,0,30,,222,41,,,0,170,,224,41,,,0,30,,232,41,,,0,179,,237,41,,,0,22,,225,41,,,0,70,,233,41,,,0,130,,226,41,,,0,98,,231,41,,,0,25,,228,41,,,0,98,,216,41,,,0,185,,229,41,,,0,75,,218,41,,,0,185,,217,41,,,0
9000,'5009',647,,244,41,,,0,162,,254,41,,,0,220,,256,41,,,0,95,,335,41,,,0,120,,255,41,,,0,260,,252,41,,,0,326,,250,41,,,0,270,,248,41,,,0
9000,'5010',647,,257,41,,,0,162,,267,41,,,0,220,,269,41,,,0,95,,338,41,,,0,120,,268,41,,,0,260,,265,41,,,0,326,,263,41,,,0,270,,261,41,,,0
9000,'5106',616,,583,41,,,0,98,,568,41,,,0,29,,560,41,,,0,160,,582,41,,,0,30,,570,41,,,0,170,,572,41,,,0,30,,580,41,,,0,179,,585,41,,,0,22,,573,41,,,0,70,,581,41,,,0,130,,574,41,,,0,91,,579,41,,,0,32,,576,41,,,0,98,,564,41,,,0,185,,577,41,,,0,75,,566,41,,,0,185,,565,41,,,0
9000,'5109',648,,592,41,,,0,158,,602,41,,,0,215,,605,41,,,0,10,,604,41,,,0,95,,597,41,,,0,110,,606,41,,,0,11,,603,41,,,0,258,,600,41,,,0,330,,598,41,,,0,265,,596,41,,,0
9000,'5110',648,,608,41,,,0,158,,618,41,,,0,215,,621,41,,,0,10,,620,41,,,0,95,,613,41,,,0,120,,619,41,,,0,209,,616,41,,,0,50,,623,41,,,0,332,,614,41,,,0,263,,612,41,,,0
