201,'4706',534,,81,6,,,0,167,,84,6,,,0,30,,76,6,,,0,81,,77,6,,,0,98,,75,6,,,0,206,,79,6,,,0,39,,80,6,,,0,83,,87,6,,,0,105,,82,6,,,0,102,,83,6,,,0,76,,74,6,,,0,200,,73,6,,,0,119,,71,6,,,0,181,,72,6,,,0,386,,88,6,,,0
201,'4707',1751,,91,6,,,0,461,,89,6,,,0,117,,90,6,,,0
201,'4890',1751,,92,6,,,0
201,'5009',559,,103,6,,,0,87,,106,6,,,0,168,,95,6,,,0,89,,97,6,,,0,117,,329,6,,,0,102,,110,6,,,0,94,,98,6,,,0,95,,99,6,,,0,123,,108,6,,,0,72,,330,6,,,0,123,,101,6,,,0,108,,109,6,,,0,102,,104,6,,,0,165,,105,6,,,0,52,,102,6,,,0,87,,93,6,,,0
201,'5010',559,,121,6,,,0,87,,124,6,,,0,168,,113,6,,,0,89,,115,6,,,0,117,,331,6,,,0,102,,128,6,,,0,94,,116,6,,,0,95,,117,6,,,0,123,,126,6,,,0,72,,332,6,,,0,123,,119,6,,,0,108,,127,6,,,0,102,,122,6,,,0,165,,123,6,,,0,52,,120,6,,,0,87,,111,6,,,0
201,'5106',534,,429,6,,,0,167,,432,6,,,0,30,,424,6,,,0,73,,425,6,,,0,106,,423,6,,,0,206,,427,6,,,0,39,,428,6,,,0,83,,435,6,,,0,105,,430,6,,,0,97,,431,6,,,0,76,,422,6,,,0,203,,421,6,,,0,116,,420,6,,,0,181,,419,6,,,0,391,,436,6,,,0
201,'5107',1751,,437,6,,,0
201,'5108',1751,,440,6,,,0,461,,438,6,,,0,117,,439,6,,,0
201,'5109',559,,451,6,,,0,87,,454,6,,,0,168,,443,6,,,0,89,,445,6,,,0,133,,444,6,,,0,86,,458,6,,,0,94,,446,6,,,0,95,,447,6,,,0,123,,456,6,,,0,69,,448,6,,,0,126,,449,6,,,0,107,,457,6,,,0,103,,452,6,,,0,172,,453,6,,,0,35,,450,6,,,0,97,,441,6,,,0
201,'5110',559,,469,6,,,0,87,,472,6,,,0,169,,461,6,,,0,92,,463,6,,,0,129,,462,6,,,0,83,,476,6,,,0,97,,464,6,,,0,102,,465,6,,,0,116,,474,6,,,0,72,,466,6,,,0,121,,467,6,,,0,113,,475,6,,,0,99,,470,6,,,0,173,,471,6,,,0,35,,468,6,,,0,99,,459,6,,,0
