400,'4706',624,,187,44,,,0,125,,188,44,,,0,275,,189,44,,,0,220,,190,44,,,0,115,,191,44,,,0,450,,186,44,,,0,145,,185,44,,,0
400,'4707',1648,,193,44,,,0,657,,192,48,,,0
400,'4890',1648,,194,44,,,0
400,'5009',735,,202,44,,,0,280,,197,44,,,0,120,,196,44,,,0,209,,199,44,,,0,211,,198,44,,,0,262,,200,44,,,0,122,,201,44,,,0,305,,195,44,,,0
400,'5010',735,,210,44,,,0,280,,205,44,,,0,120,,204,44,,,0,209,,207,44,,,0,211,,206,44,,,0,262,,208,44,,,0,122,,209,44,,,0,305,,203,44,,,0
400,'5106',624,,535,44,,,0,125,,536,44,,,0,275,,537,44,,,0,220,,538,44,,,0,115,,539,44,,,0,450,,534,44,,,0,140,,533,44,,,0
400,'5107',1648,,540,44,,,0
400,'5108',1648,,542,44,,,0,657,,541,48,,,0
400,'5109',734,,550,44,,,0,281,,545,44,,,0,122,,544,44,,,0,207,,547,44,,,0,206,,546,44,,,0,264,,548,44,,,0,126,,549,44,,,0,302,,543,44,,,0
400,'5110',734,,558,44,,,0,282,,553,44,,,0,119,,552,44,,,0,207,,555,44,,,0,213,,554,44,,,0,263,,556,44,,,0,122,,557,44,,,0,302,,551,44,,,0
