9001,'4706',608,,270,10,,,0,208,,295,10,,,0,213,,292,10,,,0,109,,283,10,,,0,466,,287,10,,,0,100,,297,10,,,0,24,,291,10,,,0,285,,274,10,,,0
9001,'4707',1319,,299,10,,,0,192,,300,10,,,0
9001,'4890',1319,,301,10,,,0,192,,302,10,,,0
9001,'5009',838,,310,10,,,0,221,,315,10,,,0,98,,340,10,,,0,379,,311,10,,,0,218,,312,10,,,0,164,,313,10,,,0
9001,'5010',838,,323,10,,,0,221,,328,10,,,0,98,,343,10,,,0,379,,324,10,,,0,218,,325,10,,,0,164,,326,10,,,0
9001,'5106',608,,625,10,,,0,208,,650,10,,,0,213,,647,10,,,0,109,,638,10,,,0,466,,642,10,,,0,50,,652,10,,,0,74,,646,10,,,0,285,,629,10,,,0
9001,'5107',1319,,654,10,,,0,192,,655,10,,,0
9001,'5108',1319,,656,10,,,0,192,,657,10,,,0
9001,'5109',839,,665,10,,,0,220,,670,10,,,0,42,,671,10,,,0,58,,661,10,,,0,376,,666,10,,,0,219,,667,10,,,0,2,,673,10,,,0,162,,668,10,,,0
9001,'5110',839,,681,10,,,0,220,,686,10,,,0,42,,687,10,,,0,58,,677,10,,,0,376,,682,10,,,0,5,,689,10,,,0,214,,683,10,,,0,2,,688,10,,,0,162,,684,10,,,0
