100,'4822',540,,691,65,,,0,264,,692,65,,,0,223,,693,65,,,0,211,,694,65,,,0,217,,695,65,,,0,264,,696,65,,,0,118,,697,65,,,0,221,,698,65,,,0,95,,700,65,,,0,205,,699,65,,,0
100,'4826',540,,701,65,,,0,264,,702,65,,,0,223,,703,65,,,0,211,,704,65,,,0,217,,705,65,,,0,264,,706,65,,,0,123,,707,65,,,0,216,,708,65,,,0,95,,371,65,,,0,205,,709,65,,,0
100,'5106',1238,,360,71,0,5 6 2,0,105,,346,65,,,0,375,,347,71,0,5 6 2,0
100,'5315',550,,355,65,,,0,81,,357,65,,,0,172,,354,65,,,0,100,,359,71,0,5 6 2,0,120,,356,65,,,0,105,,358,65,,,0,330,,361,71,0,5 6 2,0,154,,345,65,,,0,224,,349,65,,,0,101,,350,65,,,0,166,,351,65,,,0,50,,348,65,,,0,153,,352,65,0,7 8,0,38,,353,65,,,0
100,'5316',550,,718,65,,,0,81,,720,65,,,0,172,,717,65,,,0,100,,722,71,0,5 6 2,0,120,,719,65,,,0,105,,721,65,,,0,330,,723,71,0,5 6 2,0,154,,710,65,,,0,224,,712,65,,,0,101,,713,65,,,0,166,,714,65,,,0,50,,711,65,,,0,153,,715,65,0,7 8,0,38,,716,65,,,0
101,'4822',616,,724,15,,,0,232,,728,15,,,0,260,,730,15,,,0,220,,729,15,,,0,214,,731,15,,,0,260,,732,15,,,0,125,,727,15,,,0,215,,726,15,,,0,95,,733,15,,,0,205,,725,15,,,0
101,'4826',616,,734,15,,,0,232,,738,15,,,0,260,,740,15,,,0,220,,739,15,,,0,214,,741,15,,,0,260,,742,15,,,0,125,,737,15,,,0,215,,736,15,,,0,95,,408,15,,,0,205,,735,15,,,0
101,'5106',1326,,398,15,,,0,116,,397,15,,,0,359,,384,15,,,0
101,'5315',631,,391,15,,,0,82,,395,15,,,0,134,,392,15,,,0,154,,393,15,,,0,105,,394,15,,,0,105,,396,15,,,0,330,,382,15,,,0,161,,383,15,,,0,219,,385,15,,,0,100,,386,15,,,0,120,,387,15,,,0,100,,388,15,,,0,201,,390,15,,,0
101,'5316',631,,751,15,,,0,82,,755,15,,,0,134,,752,15,,,0,154,,753,15,,,0,105,,754,15,,,0,105,,756,15,,,0,330,,743,15,,,0,161,,744,15,,,0,219,,745,15,,,0,100,,746,15,,,0,120,,747,15,,,0,100,,748,15,,,0,201,,750,15,,,0
