100,'4706',551,,11,66,,,0,81,,13,66,,,0,173,,10,66,,,0,100,,15,72,0,5 6 2,0,125,,12,66,,,0,100,,14,66,,,0,109,,16,72,0,5 6 2,0,106,,2,66,,,0,114,,17,72,0,5 6 2,0,95,,1,66,,,0,166,,3,72,0,5 6 2,0,124,,5,66,,,0,100,,6,66,,,0,161,,7,66,,,0,95,,4,66,,,0,108,,8,66,0,7 8,0,38,,9,66,,,0
100,'5010',541,,27,66,,,0,264,,28,66,,,0,221,,29,66,,,0,211,,30,66,,,0,217,,31,66,,,0,265,,32,66,,,0,125,,33,66,,,0,256,,34,66,,,0,300,,35,66,,,0
100,'5106',551,,355,66,,,0,81,,357,66,,,0,173,,354,66,,,0,100,,359,72,0,5 6 2,0,120,,356,66,,,0,105,,358,66,,,0,109,,360,72,0,5 6 2,0,106,,346,66,,,0,114,,361,72,0,5 6 2,0,155,,345,66,,,0,106,,347,72,0,5 6 2,0,118,,349,66,,,0,101,,350,66,,,0,166,,351,66,,,0,50,,348,66,,,0,153,,352,66,0,7 8,0,38,,353,66,,,0
100,'5109',542,,362,66,,,0,264,,363,66,,,0,223,,364,66,,,0,211,,365,66,,,0,216,,366,66,,,0,264,,367,66,,,0,124,,368,66,,,0,256,,369,66,,,0,55,,371,66,,,0,245,,370,66,,,0
100,'5110',542,,372,66,,,0,264,,373,66,,,0,223,,374,66,,,0,211,,375,66,,,0,216,,376,66,,,0,264,,377,66,,,0,119,,378,66,,,0,261,,379,66,,,0,55,,381,66,,,0,245,,380,66,,,0
101,'4706',632,,45,16,,,0,82,,49,16,,,0,134,,46,16,,,0,154,,47,16,,,0,110,,48,16,,,0,100,,50,16,,,0,115,,52,16,,,0,116,,51,16,,,0,99,,36,16,,,0,96,,37,16,,,0,164,,38,16,,,0,125,,39,16,,,0,100,,40,16,,,0,115,,41,16,,,0,100,,42,16,,,0,201,,44,16,,,0
101,'5010',617,,62,16,,,0,231,,66,16,,,0,260,,68,16,,,0,219,,67,16,,,0,215,,69,16,,,0,260,,70,16,,,0,125,,65,16,,,0,215,,64,16,,,0,300,,63,16,,,0
101,'5106',632,,391,16,,,0,82,,395,16,,,0,134,,392,16,,,0,154,,393,16,,,0,105,,394,16,,,0,105,,396,16,,,0,115,,398,16,,,0,116,,397,16,,,0,99,,382,16,,,0,161,,383,16,,,0,99,,384,16,,,0,120,,385,16,,,0,100,,386,16,,,0,120,,387,16,,,0,100,,388,16,,,0,201,,390,16,,,0
101,'5109',617,,399,16,,,0,232,,403,16,,,0,260,,405,16,,,0,220,,404,16,,,0,214,,406,16,,,0,260,,407,16,,,0,125,,402,16,,,0,215,,401,16,,,0,95,,408,16,,,0,205,,400,16,,,0
101,'5110',617,,409,16,,,0,232,,413,16,,,0,260,,415,16,,,0,220,,414,16,,,0,214,,416,16,,,0,260,,417,16,,,0,125,,412,16,,,0,215,,411,16,,,0,95,,418,16,,,0,205,,410,16,,,0
