101,'4706',718,,45,83,,,0,84,,49,89,,,0,135,,46,83,,,0,114,,47,83,,,0,150,,48,83,,,0,103,,50,89,,,0,114,,52,83,,,0,117,,51,89,,,0,97,,36,83,,,0,96,,37,89,,,0,120,,38,83,,,0,165,,39,83,,,0,100,,40,83,,,0,115,,41,83,,,0,99,,42,83,,,0,28,,43,63,,,0,173,,44,83,,,0
101,'5009',703,,53,83,,,0,234,,57,83,,,0,220,,59,83,,,0,261,,58,83,,,0,214,,60,83,,,0,216,,61,83,,,0,165,,56,83,,,0,215,,55,83,,,0,299,,54,83,,,0
101,'5010',703,,62,83,,,0,234,,66,83,,,0,220,,68,83,,,0,261,,67,83,,,0,214,,69,83,,,0,216,,70,83,,,0,165,,65,83,,,0,215,,64,83,,,0,299,,63,83,,,0
101,'5106',718,,391,83,,,0,84,,395,89,,,0,135,,392,83,,,0,114,,393,83,,,0,105,,394,83,,,0,148,,396,89,,,0,114,,398,83,,,0,117,,397,89,,,0,97,,382,83,,,0,121,,383,89,,,0,95,,384,83,,,0,160,,385,83,,,0,100,,386,83,,,0,120,,387,83,,,0,99,,388,83,,,0,28,,389,63,,,0,173,,390,83,,,0
101,'5109',703,,399,83,,,0,233,,403,83,,,0,264,,405,83,,,0,220,,404,83,,,0,212,,406,83,,,0,219,,407,83,,,0,163,,402,83,,,0,215,,401,83,,,0,95,,408,83,,,0,203,,400,83,,,0
101,'5110',703,,409,83,,,0,233,,413,83,,,0,264,,415,83,,,0,220,,414,83,,,0,212,,416,83,,,0,219,,417,83,,,0,163,,412,83,,,0,215,,411,83,,,0,95,,418,83,,,0,203,,410,83,,,0
9001,'4706',633,,270,43,,,0,71,,277,46,,,0,36,,278,46,,,0,76,,279,46,,,0,29,,295,43,,,0,62,,271,46,,,0,25,,280,46,,,0,23,,281,46,,,0,72,,282,46,,,0,27,,292,43,,,0,71,,273,46,,,0,79,,283,43,,,0,32,,293,46,,,0,77,,284,46,,,0,107,,290,46,,,0,15,,286,46,,,0,72,,294,46,,,0,100,,272,46,,,0,26,,287,43,,,0,71,,285,46,,,0,27,,297,43,,,0,24,,291,43,,,0,67,,288,46,,,0,30,,298,46,,,0,92,,276,46,,,0,96,,274,43,,,0,77,,296,46,,,0,85,,289,46,,,0,100,,275,46,,,0
9001,'4707',1348,,299,43,,,0,194,,300,43,,,0
9001,'4890',1348,,301,43,,,0,194,,302,43,,,0
9001,'5009',748,,308,46,,,0,157,,310,43,,,0,101,,307,46,,,0,118,,315,43,,,0,99,,340,43,,,0,127,,314,46,,,0,88,,339,46,,,0,168,,311,43,,,0,48,,341,46,,,0,167,,312,43,,,0,124,,313,43,,,0,97,,304,46,,,0,160,,303,46,,,0
9001,'5010',748,,321,46,,,0,157,,323,43,,,0,101,,320,46,,,0,118,,328,43,,,0,99,,343,43,,,0,127,,327,46,,,0,88,,342,46,,,0,168,,324,43,,,0,48,,344,46,,,0,167,,325,43,,,0,124,,326,43,,,0,97,,317,46,,,0,160,,316,46,,,0
9001,'5106',633,,625,43,,,0,71,,632,46,,,0,36,,633,46,,,0,76,,634,46,,,0,29,,650,43,,,0,62,,626,46,,,0,25,,635,46,,,0,23,,636,46,,,0,72,,637,46,,,0,27,,647,43,,,0,71,,628,46,,,0,79,,638,43,,,0,32,,648,46,,,0,77,,639,46,,,0,107,,645,46,,,0,15,,641,46,,,0,72,,649,46,,,0,100,,627,46,,,0,26,,642,43,,,0,71,,640,46,,,0,17,,652,43,,,0,34,,646,43,,,0,67,,643,46,,,0,30,,653,46,,,0,95,,631,46,,,0,93,,629,43,,,0,77,,651,46,,,0,85,,644,46,,,0,100,,630,46,,,0
9001,'5107',1348,,654,43,,,0,194,,655,43,,,0
9001,'5108',1348,,656,43,,,0,194,,657,43,,,0
9001,'5109',747,,663,46,,,0,159,,665,43,,,0,102,,662,46,,,0,119,,670,43,,,0,2,,671,43,,,0,98,,661,43,,,0,123,,669,46,,,0,2,,672,46,,,0,88,,660,46,,,0,164,,666,43,,,0,50,,664,46,,,0,167,,667,43,,,0,2,,673,43,,,0,121,,668,43,,,0,97,,659,46,,,0,160,,658,46,,,0
9001,'5110',747,,679,46,,,0,159,,681,43,,,0,102,,678,46,,,0,119,,686,43,,,0,2,,687,43,,,0,98,,677,43,,,0,123,,685,46,,,0,90,,676,46,,,0,164,,682,43,,,0,4,,689,43,,,0,46,,680,46,,,0,69,,690,46,,,0,98,,683,43,,,0,2,,688,43,,,0,121,,684,43,,,0,97,,675,46,,,0,160,,674,46,,,0
