100,'4822',504,,691,9,,,0,221,,692,9,,,0,222,,693,9,,,0,210,,694,9,,,0,257,,695,9,,,0,224,,696,9,,,0,121,,697,9,,,0,262,,698,9,,,0,95,,700,9,,,0,205,,699,9,,,0
100,'4826',504,,701,9,,,0,221,,702,9,,,0,222,,703,9,,,0,210,,704,9,,,0,257,,705,9,,,0,224,,706,9,,,0,166,,707,9,,,0,217,,708,9,,,0,95,,371,9,,,0,205,,709,9,,,0
100,'5106',1154,,360,9,0,5 6 2,0,150,,346,9,,,0,329,,347,9,0,5 6 2,0
100,'5315',514,,355,9,,,0,41,,357,9,,,0,170,,354,9,,,0,95,,359,9,0,5 6 2,0,125,,356,9,,,0,105,,358,9,,,0,363,,361,9,0,5 6 2,0,120,,345,9,,,0,223,,349,9,,,0,103,,350,9,,,0,166,,351,9,,,0,90,,348,9,,,0,113,,352,9,0,7 8,0,79,,353,9,,,0
100,'5316',514,,718,9,,,0,41,,720,9,,,0,170,,717,9,,,0,95,,722,9,0,5 6 2,0,125,,719,9,,,0,105,,721,9,,,0,363,,723,9,0,5 6 2,0,120,,710,9,,,0,223,,712,9,,,0,103,,713,9,,,0,166,,714,9,,,0,90,,711,9,,,0,113,,715,9,0,7 8,0,79,,716,9,,,0
9000,'4822',623,,878,9,,,0,118,,888,9,,,0,103,,879,9,,,0,110,,891,9,,,0,50,,890,9,,,0,55,,883,9,,,0,160,,889,9,,,0,88,,880,9,,,0,118,,886,9,,,0,10,,893,9,,,0,97,,881,9,,,0,25,,894,9,,,0,90,,892,9,,,0,10,,885,9,,,0,151,,884,9,,,0,107,,887,9,,,0,119,,882,9,,,0
9000,'4826',623,,895,9,,,0,118,,905,9,,,0,103,,896,9,,,0,110,,908,9,,,0,50,,907,9,,,0,55,,900,9,,,0,150,,909,9,,,0,11,,906,9,,,0,87,,897,9,,,0,128,,903,9,,,0,96,,898,9,,,0,116,,910,9,,,0,10,,902,9,,,0,149,,901,9,,,0,109,,904,9,,,0,119,,899,9,,,0
9000,'4967',1219,,912,9,,,0,189,,911,9,,,0
9000,'5315',523,,561,9,,,0,28,,585,9,,,0,75,,569,9,,,0,22,,570,9,,,0,68,,562,9,,,0,27,,571,9,,,0,66,,586,9,,,0,26,,584,9,,,0,71,,572,9,,,0,29,,573,9,,,0,70,,563,9,,,0,32,,574,9,,,0,70,,582,9,,,0,37,,564,9,,,0,75,,591,9,,,0,25,,587,9,,,0,62,,575,9,,,0,29,,583,9,,,0,73,,590,9,,,0,30,,565,9,,,0,66,,576,9,,,0,32,,577,9,,,0,20,,581,9,,,0,72,,578,9,,,0,29,,588,9,,,0,70,,566,9,,,0,92,,589,9,,,0,95,,579,9,,,0,35,,568,9,,,0,92,,580,9,,,0,95,,567,9,,,0
9000,'5316',523,,913,9,,,0,28,,937,9,,,0,75,,921,9,,,0,22,,922,9,,,0,68,,914,9,,,0,27,,923,9,,,0,66,,938,9,,,0,26,,936,9,,,0,71,,924,9,,,0,29,,925,9,,,0,70,,915,9,,,0,32,,926,9,,,0,70,,934,9,,,0,37,,916,9,,,0,100,,939,9,,,0,62,,927,9,,,0,29,,935,9,,,0,103,,917,9,,,0,66,,928,9,,,0,32,,929,9,,,0,20,,933,9,,,0,72,,930,9,,,0,29,,940,9,,,0,70,,918,9,,,0,92,,941,9,,,0,95,,931,9,,,0,35,,920,9,,,0,92,,932,9,,,0,95,,919,9,,,0
9000,'5317',1219,,943,9,,,0,189,,942,9,,,0
