101,'4706',642,,45,33,,,0,81,,49,33,,,0,177,,46,33,,,0,114,,47,33,,,0,110,,48,33,,,0,99,,50,33,,,0,117,,52,33,,,0,114,,51,33,,,0,100,,36,33,,,0,94,,37,33,,,0,165,,38,33,,,0,125,,39,33,,,0,100,,40,33,,,0,115,,41,33,,,0,99,,42,33,,,0,68,,43,13,,,0,133,,44,33,,,0
101,'5009',627,,53,33,,,0,273,,57,33,,,0,220,,59,33,,,0,220,,58,33,,,0,214,,60,33,,,0,259,,61,33,,,0,125,,56,33,,,0,215,,55,33,,,0,299,,54,33,,,0
101,'5010',627,,62,33,,,0,273,,66,33,,,0,220,,68,33,,,0,220,,67,33,,,0,214,,69,33,,,0,259,,70,33,,,0,125,,65,33,,,0,215,,64,33,,,0,299,,63,33,,,0
101,'5106',642,,391,33,,,0,81,,395,33,,,0,177,,392,33,,,0,114,,393,33,,,0,105,,394,33,,,0,104,,396,33,,,0,117,,398,33,,,0,114,,397,33,,,0,100,,382,33,,,0,159,,383,33,,,0,100,,384,33,,,0,120,,385,33,,,0,100,,386,33,,,0,120,,387,33,,,0,99,,388,33,,,0,68,,389,13,,,0,133,,390,33,,,0
101,'5109',627,,399,33,,,0,273,,403,33,,,0,222,,405,33,,,0,220,,404,33,,,0,213,,406,33,,,0,260,,407,33,,,0,124,,402,33,,,0,215,,401,33,,,0,95,,408,33,,,0,204,,400,33,,,0
101,'5110',627,,409,33,,,0,273,,413,33,,,0,222,,415,33,,,0,220,,414,33,,,0,213,,416,33,,,0,260,,417,33,,,0,124,,412,33,,,0,215,,411,33,,,0,95,,418,33,,,0,204,,410,33,,,0
9001,'4706',611,,270,13,,,0,31,,277,16,,,0,75,,278,16,,,0,33,,279,16,,,0,69,,295,13,,,0,24,,271,16,,,0,65,,280,16,,,0,24,,281,16,,,0,73,,282,16,,,0,27,,292,13,,,0,71,,273,16,,,0,38,,283,13,,,0,72,,293,16,,,0,35,,284,16,,,0,106,,290,16,,,0,55,,286,16,,,0,32,,294,16,,,0,99,,272,16,,,0,67,,287,13,,,0,31,,285,16,,,0,69,,297,13,,,0,24,,291,13,,,0,27,,288,16,,,0,70,,298,16,,,0,92,,276,16,,,0,96,,274,13,,,0,37,,296,16,,,0,85,,289,16,,,0,100,,275,16,,,0
9001,'4707',1322,,299,13,,,0,192,,300,13,,,0
9001,'4890',1322,,301,13,,,0,192,,302,13,,,0
9001,'5009',724,,308,16,,,0,117,,310,13,,,0,102,,307,16,,,0,159,,315,13,,,0,98,,340,13,,,0,124,,314,16,,,0,88,,339,16,,,0,127,,311,13,,,0,89,,341,16,,,0,129,,312,13,,,0,164,,313,13,,,0,97,,304,16,,,0,120,,303,16,,,0
9001,'5010',724,,321,16,,,0,117,,323,13,,,0,102,,320,16,,,0,159,,328,13,,,0,98,,343,13,,,0,124,,327,16,,,0,88,,342,16,,,0,127,,324,13,,,0,89,,344,16,,,0,129,,325,13,,,0,164,,326,13,,,0,97,,317,16,,,0,120,,316,16,,,0
9001,'5106',611,,625,13,,,0,31,,632,16,,,0,75,,633,16,,,0,33,,634,16,,,0,69,,650,13,,,0,24,,626,16,,,0,65,,635,16,,,0,24,,636,16,,,0,73,,637,16,,,0,27,,647,13,,,0,71,,628,16,,,0,38,,638,13,,,0,72,,648,16,,,0,35,,639,16,,,0,106,,645,16,,,0,55,,641,16,,,0,32,,649,16,,,0,99,,627,16,,,0,67,,642,13,,,0,31,,640,16,,,0,19,,652,13,,,0,74,,646,13,,,0,27,,643,16,,,0,70,,653,16,,,0,95,,631,16,,,0,93,,629,13,,,0,37,,651,16,,,0,85,,644,16,,,0,100,,630,16,,,0
9001,'5107',1322,,654,13,,,0,192,,655,13,,,0
9001,'5108',1322,,656,13,,,0,192,,657,13,,,0
9001,'5109',725,,663,16,,,0,117,,665,13,,,0,101,,662,16,,,0,159,,670,13,,,0,2,,671,13,,,0,98,,661,13,,,0,122,,669,16,,,0,2,,672,16,,,0,88,,660,16,,,0,124,,666,13,,,0,91,,664,16,,,0,128,,667,13,,,0,2,,673,13,,,0,162,,668,13,,,0,97,,659,16,,,0,120,,658,16,,,0
9001,'5110',725,,679,16,,,0,117,,681,13,,,0,101,,678,16,,,0,159,,686,13,,,0,2,,687,13,,,0,98,,677,13,,,0,122,,685,16,,,0,90,,676,16,,,0,124,,682,13,,,0,5,,689,13,,,0,86,,680,16,,,0,30,,690,16,,,0,98,,683,13,,,0,2,,688,13,,,0,162,,684,13,,,0,97,,675,16,,,0,120,,674,16,,,0
