101,'4822',658,,724,76,,,0,274,,728,76,,,0,223,,730,76,,,0,260,,729,76,,,0,213,,731,76,,,0,219,,732,76,,,0,163,,727,76,,,0,215,,726,76,,,0,95,,733,76,,,0,203,,725,76,,,0
101,'4826',658,,734,76,,,0,274,,738,76,,,0,223,,740,76,,,0,260,,739,76,,,0,213,,741,76,,,0,219,,742,76,,,0,163,,737,76,,,0,215,,736,76,,,0,95,,408,76,,,0,203,,735,76,,,0
101,'5106',1414,,398,76,,,0,117,,397,82,,,0,313,,384,76,,,0
101,'5315',714,,391,76,,,0,44,,395,82,,,0,174,,392,76,,,0,114,,393,76,,,0,106,,394,76,,,0,148,,396,82,,,0,328,,382,76,,,0,121,,383,82,,,0,255,,385,76,,,0,100,,386,76,,,0,120,,387,76,,,0,99,,388,76,,,0,28,,389,56,,,0,173,,390,76,,,0
101,'5316',714,,751,76,,,0,44,,755,82,,,0,174,,752,76,,,0,114,,753,76,,,0,106,,754,76,,,0,148,,756,82,,,0,328,,743,76,,,0,121,,744,82,,,0,255,,745,76,,,0,100,,746,76,,,0,120,,747,76,,,0,99,,748,76,,,0,28,,749,56,,,0,173,,750,76,,,0
9001,'4822',742,,949,39,,,0,159,,951,36,,,0,101,,948,39,,,0,119,,956,36,,,0,2,,957,36,,,0,98,,947,36,,,0,123,,955,39,,,0,90,,946,39,,,0,124,,952,36,,,0,44,,959,36,,,0,46,,950,39,,,0,70,,960,39,,,0,98,,953,36,,,0,2,,958,36,,,0,121,,954,36,,,0,97,,945,39,,,0,120,,944,39,,,0
9001,'4826',742,,966,39,,,0,159,,968,36,,,0,101,,965,39,,,0,119,,973,36,,,0,2,,974,36,,,0,98,,964,36,,,0,123,,972,39,,,0,2,,975,39,,,0,88,,963,39,,,0,124,,969,36,,,0,90,,967,39,,,0,168,,970,36,,,0,2,,976,36,,,0,121,,971,36,,,0,97,,962,39,,,0,120,,961,39,,,0
9001,'4967',1342,,977,36,,,0,194,,978,36,,,0
9001,'5315',628,,627,36,,,0,31,,634,39,,,0,76,,635,39,,,0,75,,636,39,,,0,29,,652,36,,,0,63,,628,39,,,0,25,,637,39,,,0,23,,638,39,,,0,72,,639,39,,,0,27,,649,36,,,0,71,,630,39,,,0,38,,640,36,,,0,72,,650,39,,,0,77,,641,39,,,0,35,,656,36,,,0,72,,647,39,,,0,15,,643,39,,,0,72,,651,39,,,0,35,,657,36,,,0,65,,629,39,,,0,26,,644,36,,,0,31,,642,39,,,0,58,,654,36,,,0,34,,648,36,,,0,67,,645,39,,,0,30,,655,39,,,0,95,,633,39,,,0,93,,631,36,,,0,77,,653,39,,,0,45,,646,39,,,0,100,,632,39,,,0
9001,'5316',628,,979,36,,,0,31,,986,39,,,0,76,,987,39,,,0,75,,988,39,,,0,29,,1004,36,,,0,63,,980,39,,,0,25,,989,39,,,0,23,,990,39,,,0,72,,991,39,,,0,27,,1001,36,,,0,71,,982,39,,,0,38,,992,36,,,0,72,,1002,39,,,0,77,,993,39,,,0,107,,999,39,,,0,15,,995,39,,,0,72,,1003,39,,,0,100,,981,39,,,0,26,,996,36,,,0,31,,994,39,,,0,58,,1006,36,,,0,34,,1000,36,,,0,67,,997,39,,,0,30,,1007,39,,,0,95,,985,39,,,0,93,,983,36,,,0,77,,1005,39,,,0,45,,998,39,,,0,100,,984,39,,,0
9001,'5317',1342,,1008,36,,,0,194,,1009,36,,,0
