100,'4532',501,,1010,4,,,0,220,,1011,4,,,0,222,,1012,4,,,0,210,,1013,4,,,0,259,,1014,4,,,0,220,,1015,4,,,0,168,,1016,4,,,0,217,,1017,4,,,0,95,,1019,4,,,0,207,,1018,4,,,0
100,'5106',511,,718,4,,,0,41,,720,4,,,0,170,,717,4,,,0,94,,722,4,0,5 6 2,0,126,,719,4,,,0,105,,721,4,,,0,103,,360,4,0,5 6 2,0,151,,346,4,,,0,108,,723,4,0,5 6 2,0,121,,710,4,,,0,99,,347,4,0,5 6 2,0,123,,712,4,,,0,104,,713,4,,,0,166,,714,4,,,0,90,,711,4,,,0,113,,715,4,0,7 8,0,79,,716,4,,,0
100,'5224',511,,1030,4,,,0,41,,1032,4,,,0,170,,1029,4,,,0,94,,1034,4,0,5 6 2,0,126,,1031,4,,,0,105,,1033,4,,,0,103,,1035,4,0,5 6 2,0,151,,1021,4,,,0,108,,1036,4,0,5 6 2,0,121,,1020,4,,,0,99,,1022,4,0,5 6 2,0,118,,1024,4,,,0,109,,1025,4,,,0,166,,1026,4,,,0,90,,1023,4,,,0,113,,1027,4,0,7 8,0,79,,1028,4,,,0
100,'5228',501,,1037,4,,,0,223,,1038,4,,,0,221,,1039,4,,,0,210,,1040,4,,,0,260,,1041,4,,,0,220,,1042,4,,,0,117,,1043,4,,,0,265,,1044,4,,,0,95,,1046,4,,,0,206,,1045,4,,,0
9000,'4532',619,,1220,4,,,0,123,,1230,4,,,0,158,,1221,4,,,0,49,,1233,4,,,0,10,,1232,4,,,0,155,,1225,4,,,0,90,,1234,4,,,0,10,,1231,4,,,0,88,,1222,4,,,0,128,,1228,4,,,0,117,,1223,4,,,0,95,,1235,4,,,0,10,,1227,4,,,0,155,,1226,4,,,0,109,,1229,4,,,0,114,,1224,4,,,0
9000,'5106',520,,913,4,,,0,28,,937,4,,,0,75,,921,4,,,0,22,,922,4,,,0,67,,914,4,,,0,27,,923,4,,,0,66,,938,4,,,0,26,,936,4,,,0,71,,924,4,,,0,29,,925,4,,,0,70,,915,4,,,0,32,,926,4,,,0,70,,934,4,,,0,37,,916,4,,,0,75,,943,4,,,0,25,,939,4,,,0,62,,927,4,,,0,29,,935,4,,,0,73,,942,4,,,0,30,,917,4,,,0,66,,928,4,,,0,32,,929,4,,,0,20,,933,4,,,0,72,,930,4,,,0,29,,940,4,,,0,70,,918,4,,,0,92,,941,4,,,0,95,,931,4,,,0,35,,920,4,,,0,92,,932,4,,,0,95,,919,4,,,0
9000,'5224',520,,1236,4,,,0,28,,1260,4,,,0,75,,1244,4,,,0,22,,1245,4,,,0,66,,1237,4,,,0,28,,1246,4,,,0,66,,1261,4,,,0,26,,1259,4,,,0,27,,1247,4,,,0,73,,1248,4,,,0,70,,1238,4,,,0,32,,1249,4,,,0,81,,1257,4,,,0,26,,1239,4,,,0,75,,1255,4,,,0,25,,1262,4,,,0,91,,1258,4,,,0,73,,1250,4,,,0,30,,1240,4,,,0,98,,1251,4,,,0,20,,1256,4,,,0,72,,1252,4,,,0,99,,1241,4,,,0,92,,1263,4,,,0,95,,1253,4,,,0,35,,1243,4,,,0,92,,1254,4,,,0,95,,1242,4,,,0
9000,'5225',1302,,1264,4,,,0,198,,1265,4,,,0,143,,1266,4,,,0
9000,'5226',1302,,1267,4,,,0,198,,1268,4,,,0,143,,1269,4,,,0
9000,'5228',619,,1270,4,,,0,122,,1278,4,,,0,160,,1271,4,,,0,49,,1285,4,,,0,50,,1280,4,,,0,114,,1274,4,,,0,97,,1279,4,,,0,94,,1272,4,,,0,118,,1284,4,,,0,10,,1281,4,,,0,122,,1282,4,,,0,90,,1283,4,,,0,10,,1276,4,,,0,153,,1275,4,,,0,110,,1277,4,,,0,114,,1273,4,,,0
