100,'4706',516,,11,13,,,0,41,,13,13,,,0,171,,10,13,,,0,96,,15,13,0,5 6 2,0,129,,12,13,,,0,100,,14,13,,,0,105,,16,13,0,5 6 2,0,149,,2,13,,,0,110,,17,13,0,5 6 2,0,99,,1,13,,,0,121,,3,13,0,5 6 2,0,168,,5,13,,,0,102,,6,13,,,0,121,,7,13,,,0,95,,4,13,,,0,108,,8,13,0,7 8,0,79,,9,13,,,0
100,'5009',506,,18,13,,,0,222,,19,13,,,0,221,,20,13,,,0,210,,21,13,,,0,257,,22,13,,,0,225,,23,13,,,0,164,,24,13,,,0,218,,25,13,,,0,301,,26,13,,,0
100,'5010',506,,27,13,,,0,222,,28,13,,,0,221,,29,13,,,0,210,,30,13,,,0,257,,31,13,,,0,225,,32,13,,,0,164,,33,13,,,0,218,,34,13,,,0,301,,35,13,,,0
100,'5106',516,,355,13,,,0,41,,357,13,,,0,171,,354,13,,,0,96,,359,13,0,5 6 2,0,124,,356,13,,,0,105,,358,13,,,0,105,,360,13,0,5 6 2,0,149,,346,13,,,0,110,,361,13,0,5 6 2,0,119,,345,13,,,0,101,,347,13,0,5 6 2,0,122,,349,13,,,0,143,,350,13,,,0,126,,351,13,,,0,90,,348,13,,,0,113,,352,13,0,7 8,0,79,,353,13,,,0
100,'5109',507,,362,13,,,0,221,,363,13,,,0,222,,364,13,,,0,250,,365,13,,,0,217,,366,13,,,0,224,,367,13,,,0,166,,368,13,,,0,217,,369,13,,,0,95,,371,13,,,0,205,,370,13,,,0
100,'5110',507,,372,13,,,0,221,,373,13,,,0,222,,374,13,,,0,250,,375,13,,,0,217,,376,13,,,0,224,,377,13,,,0,161,,378,13,,,0,222,,379,13,,,0,95,,381,13,,,0,205,,380,13,,,0
9000,'4706',526,,211,13,,,0,28,,235,13,,,0,75,,219,13,,,0,22,,220,13,,,0,68,,212,13,,,0,27,,221,13,,,0,66,,236,13,,,0,26,,234,13,,,0,71,,222,13,,,0,29,,223,13,,,0,70,,213,13,,,0,32,,224,13,,,0,70,,232,13,,,0,37,,214,13,,,0,100,,237,13,,,0,62,,225,13,,,0,29,,233,13,,,0,103,,215,13,,,0,66,,226,13,,,0,32,,227,13,,,0,67,,231,13,,,0,25,,228,13,,,0,69,,238,13,,,0,30,,216,13,,,0,97,,239,13,,,0,90,,229,13,,,0,35,,218,13,,,0,92,,230,13,,,0,95,,217,13,,,0
9000,'4707',1222,,241,13,,,0,189,,240,13,,,0
9000,'4890',1222,,243,13,,,0,189,,242,13,,,0
9000,'5009',625,,244,13,,,0,120,,254,13,,,0,100,,245,13,,,0,161,,256,13,,,0,95,,335,13,,,0,118,,255,13,,,0,91,,333,13,,,0,128,,252,13,,,0,97,,334,13,,,0,120,,251,13,,,0,150,,250,13,,,0,113,,253,13,,,0,119,,248,13,,,0
9000,'5010',625,,257,13,,,0,120,,267,13,,,0,100,,258,13,,,0,161,,269,13,,,0,95,,338,13,,,0,118,,268,13,,,0,91,,336,13,,,0,128,,265,13,,,0,97,,337,13,,,0,120,,264,13,,,0,150,,263,13,,,0,113,,266,13,,,0,119,,261,13,,,0
9000,'5106',526,,559,13,,,0,28,,583,13,,,0,75,,567,13,,,0,22,,568,13,,,0,68,,560,13,,,0,27,,569,13,,,0,66,,584,13,,,0,26,,582,13,,,0,71,,570,13,,,0,29,,571,13,,,0,70,,561,13,,,0,32,,572,13,,,0,70,,580,13,,,0,37,,562,13,,,0,100,,585,13,,,0,62,,573,13,,,0,29,,581,13,,,0,103,,563,13,,,0,66,,574,13,,,0,32,,575,13,,,0,20,,579,13,,,0,72,,576,13,,,0,69,,586,13,,,0,30,,564,13,,,0,92,,587,13,,,0,95,,577,13,,,0,35,,566,13,,,0,92,,578,13,,,0,95,,565,13,,,0
9000,'5107',1222,,589,13,,,0,189,,588,13,,,0
9000,'5108',1222,,591,13,,,0,189,,590,13,,,0
9000,'5109',626,,592,13,,,0,118,,602,13,,,0,103,,593,13,,,0,110,,605,13,,,0,50,,604,13,,,0,95,,597,13,,,0,110,,606,13,,,0,11,,603,13,,,0,87,,594,13,,,0,128,,600,13,,,0,96,,595,13,,,0,116,,607,13,,,0,50,,599,13,,,0,109,,598,13,,,0,109,,601,13,,,0,119,,596,13,,,0
9000,'5110',626,,608,13,,,0,118,,618,13,,,0,103,,609,13,,,0,110,,621,13,,,0,50,,620,13,,,0,95,,613,13,,,0,120,,619,13,,,0,88,,610,13,,,0,118,,616,13,,,0,10,,623,13,,,0,97,,611,13,,,0,65,,624,13,,,0,50,,622,13,,,0,50,,615,13,,,0,111,,614,13,,,0,107,,617,13,,,0,119,,612,13,,,0
