201,'4706',505,,78,6,,,0,9,,85,6,,,0,31,,81,22,,,0,71,,86,6,,,0,97,,84,22,,,0,30,,76,22,,,0,81,,77,22,,,0,98,,75,22,,,0,207,,79,22,,,0,79,,80,22,,,0,43,,87,22,,,0,105,,82,22,,,0,103,,83,22,,,0,76,,74,22,,,0,199,,73,22,,,0,118,,71,22,,,0,180,,72,22,,,0
201,'4707',1804,,91,22,,,0,419,,89,22,,,0,116,,90,22,,,0
201,'4890',1804,,92,22,,,0
201,'5009',454,,107,6,,,0,156,,103,22,,,0,2,,94,6,,,0,46,,106,22,,,0,168,,95,22,,,0,89,,97,22,,,0,118,,329,22,,,0,102,,110,22,,,0,94,,98,22,,,0,95,,99,22,,,0,124,,108,22,,,0,72,,330,22,,,0,122,,101,22,,,0,108,,109,22,,,0,101,,104,22,,,0,164,,105,22,,,0,92,,102,22,,,0,47,,93,22,,,0
201,'5010',454,,125,6,,,0,156,,121,22,,,0,2,,112,6,,,0,46,,124,22,,,0,168,,113,22,,,0,89,,115,22,,,0,118,,331,22,,,0,102,,128,22,,,0,94,,116,22,,,0,95,,117,22,,,0,124,,126,22,,,0,72,,332,22,,,0,122,,119,22,,,0,108,,127,22,,,0,101,,122,22,,,0,164,,123,22,,,0,92,,120,22,,,0,47,,111,22,,,0
201,'5106',505,,426,6,,,0,9,,433,6,,,0,31,,429,22,,,0,71,,434,6,,,0,97,,432,22,,,0,30,,424,22,,,0,73,,425,22,,,0,106,,423,22,,,0,207,,427,22,,,0,79,,428,22,,,0,43,,435,22,,,0,105,,430,22,,,0,98,,431,22,,,0,76,,422,22,,,0,202,,421,22,,,0,115,,420,22,,,0,180,,419,22,,,0
201,'5107',1804,,437,22,,,0
201,'5108',1804,,440,22,,,0,419,,438,22,,,0,116,,439,22,,,0
201,'5109',453,,455,6,,,0,158,,451,22,,,0,1,,442,6,,,0,46,,454,22,,,0,168,,443,22,,,0,89,,445,22,,,0,134,,444,22,,,0,86,,458,22,,,0,94,,446,22,,,0,96,,447,22,,,0,123,,456,22,,,0,68,,448,22,,,0,125,,449,22,,,0,107,,457,22,,,0,102,,452,22,,,0,172,,453,22,,,0,35,,450,22,,,0,96,,441,22,,,0
201,'5110',453,,473,6,,,0,158,,469,22,,,0,1,,460,6,,,0,46,,472,22,,,0,169,,461,22,,,0,92,,463,22,,,0,130,,462,22,,,0,83,,476,22,,,0,97,,464,22,,,0,103,,465,22,,,0,116,,474,22,,,0,71,,466,22,,,0,120,,467,22,,,0,113,,475,22,,,0,98,,470,22,,,0,173,,471,22,,,0,35,,468,22,,,0,98,,459,22,,,0
400,'4706',638,,187,57,,,0,165,,188,57,,,0,235,,189,57,,,0,220,,190,57,,,0,155,,191,57,,,0,410,,186,57,,,0,185,,185,57,,,0
400,'4707',1700,,193,57,,,0,619,,192,61,,,0
400,'4890',1700,,194,57,,,0
400,'5009',751,,202,57,,,0,280,,197,57,,,0,120,,196,57,,,0,249,,199,57,,,0,211,,198,57,,,0,222,,200,57,,,0,121,,201,57,,,0,305,,195,57,,,0
400,'5010',751,,210,57,,,0,280,,205,57,,,0,120,,204,57,,,0,249,,207,57,,,0,211,,206,57,,,0,222,,208,57,,,0,121,,209,57,,,0,305,,203,57,,,0
400,'5106',638,,535,57,,,0,165,,536,57,,,0,235,,537,57,,,0,220,,538,57,,,0,155,,539,57,,,0,410,,534,57,,,0,180,,533,57,,,0
400,'5107',1700,,540,57,,,0
400,'5108',1700,,542,57,,,0,619,,541,61,,,0
400,'5109',749,,550,57,,,0,283,,545,57,,,0,122,,544,57,,,0,248,,547,57,,,0,205,,546,57,,,0,223,,548,57,,,0,125,,549,57,,,0,301,,543,57,,,0
400,'5110',749,,558,57,,,0,284,,553,57,,,0,119,,552,57,,,0,207,,555,57,,,0,253,,554,57,,,0,222,,556,57,,,0,121,,557,57,,,0,301,,551,57,,,0
