400,'4706',559,,187,4,,,0,164,,188,4,,,0,236,,189,4,,,0,260,,190,4,,,0,115,,191,4,,,0,410,,186,4,,,0,185,,185,4,,,0
400,'4707',1623,,193,4,,,0,616,,192,4,,,0
400,'4890',1623,,194,4,,,0
400,'5009',709,,202,4,,,0,241,,197,4,,,0,160,,196,4,,,0,209,,199,4,,,0,208,,198,4,,,0,225,,200,4,,,0,161,,201,4,,,0,305,,195,4,,,0
400,'5010',709,,210,4,,,0,241,,205,4,,,0,160,,204,4,,,0,209,,207,4,,,0,208,,206,4,,,0,225,,208,4,,,0,161,,209,4,,,0,305,,203,4,,,0
400,'5106',559,,535,4,,,0,164,,536,4,,,0,236,,537,4,,,0,260,,538,4,,,0,115,,539,4,,,0,410,,534,4,,,0,180,,533,4,,,0
400,'5107',1623,,540,4,,,0
400,'5108',1623,,542,4,,,0,616,,541,4,,,0
400,'5109',709,,550,4,,,0,241,,545,4,,,0,162,,544,4,,,0,207,,547,4,,,0,206,,546,4,,,0,224,,548,4,,,0,166,,549,4,,,0,302,,543,4,,,0
400,'5110',709,,558,4,,,0,242,,553,4,,,0,159,,552,4,,,0,206,,555,4,,,0,214,,554,4,,,0,222,,556,4,,,0,163,,557,4,,,0,302,,551,4,,,0
