101,'4706',625,,45,9,,,0,82,,49,9,,,0,134,,46,9,,,0,114,,47,9,,,0,150,,48,9,,,0,100,,50,9,,,0,115,,52,9,,,0,116,,51,9,,,0,99,,36,9,,,0,96,,37,9,,,0,124,,38,9,,,0,165,,39,9,,,0,100,,40,9,,,0,115,,41,9,,,0,100,,42,9,,,0,201,,44,9,,,0
101,'5010',610,,62,9,,,0,231,,66,9,,,0,260,,68,9,,,0,219,,67,9,,,0,215,,69,9,,,0,220,,70,9,,,0,165,,65,9,,,0,215,,64,9,,,0,300,,63,9,,,0
101,'5106',625,,391,9,,,0,82,,395,9,,,0,134,,392,9,,,0,114,,393,9,,,0,145,,394,9,,,0,105,,396,9,,,0,115,,398,9,,,0,116,,397,9,,,0,99,,382,9,,,0,121,,383,9,,,0,99,,384,9,,,0,160,,385,9,,,0,100,,386,9,,,0,120,,387,9,,,0,100,,388,9,,,0,201,,390,9,,,0
101,'5109',611,,399,9,,,0,231,,403,9,,,0,260,,405,9,,,0,220,,404,9,,,0,214,,406,9,,,0,220,,407,9,,,0,165,,402,9,,,0,215,,401,9,,,0,95,,408,9,,,0,205,,400,9,,,0
101,'5110',611,,409,9,,,0,231,,413,9,,,0,260,,415,9,,,0,220,,414,9,,,0,214,,416,9,,,0,220,,417,9,,,0,165,,412,9,,,0,215,,411,9,,,0,95,,418,9,,,0,205,,410,9,,,0
9001,'4706',633,,277,5,,,0,75,,278,5,,,0,33,,279,5,,,0,92,,271,5,,,0,25,,280,5,,,0,64,,281,5,,,0,33,,282,5,,,0,98,,273,5,,,0,150,,293,5,,,0,35,,284,5,,,0,105,,290,5,,,0,15,,286,5,,,0,72,,294,5,,,0,98,,272,5,,,0,100,,285,5,,,0,120,,288,5,,,0,70,,298,5,,,0,92,,276,5,,,0,133,,296,5,,,0,85,,289,5,,,0,100,,275,5,,,0
9001,'5010',715,,321,5,,,0,218,,320,5,,,0,380,,327,5,,,0,88,,342,5,,,0,217,,344,5,,,0,390,,317,5,,,0,120,,316,5,,,0
9001,'5106',633,,634,5,,,0,75,,635,5,,,0,33,,636,5,,,0,92,,628,5,,,0,25,,637,5,,,0,64,,638,5,,,0,33,,639,5,,,0,98,,630,5,,,0,150,,650,5,,,0,35,,641,5,,,0,105,,647,5,,,0,15,,643,5,,,0,72,,651,5,,,0,98,,629,5,,,0,100,,642,5,,,0,120,,645,5,,,0,70,,655,5,,,0,95,,633,5,,,0,130,,653,5,,,0,85,,646,5,,,0,100,,632,5,,,0
9001,'5109',715,,663,5,,,0,218,,662,5,,,0,380,,669,5,,,0,2,,672,5,,,0,88,,660,5,,,0,215,,664,5,,,0,390,,659,5,,,0,120,,658,5,,,0
9001,'5110',715,,679,5,,,0,218,,678,5,,,0,380,,685,5,,,0,90,,676,5,,,0,215,,680,5,,,0,30,,690,5,,,0,360,,675,5,,,0,120,,674,5,,,0
