100,'4822',536,,691,58,,,0,264,,692,58,,,0,223,,693,58,,,0,211,,694,58,,,0,216,,695,58,,,0,264,,696,58,,,0,119,,697,58,,,0,221,,698,58,,,0,95,,700,58,,,0,205,,699,58,,,0
100,'4826',536,,701,58,,,0,264,,702,58,,,0,223,,703,58,,,0,211,,704,58,,,0,216,,705,58,,,0,264,,706,58,,,0,124,,707,58,,,0,216,,708,58,,,0,95,,371,58,,,0,205,,709,58,,,0
100,'5106',1233,,360,64,0,5 6 2,0,106,,346,58,,,0,375,,347,64,0,5 6 2,0
100,'5315',546,,355,58,,,0,81,,357,58,,,0,132,,354,58,,,0,100,,359,64,0,5 6 2,0,160,,356,58,,,0,105,,358,58,,,0,329,,361,64,0,5 6 2,0,155,,345,58,,,0,224,,349,58,,,0,101,,350,58,,,0,126,,351,58,,,0,90,,348,58,,,0,153,,352,58,0,7 8,0,38,,353,58,,,0
100,'5316',546,,718,58,,,0,81,,720,58,,,0,132,,717,58,,,0,100,,722,64,0,5 6 2,0,160,,719,58,,,0,105,,721,58,,,0,329,,723,64,0,5 6 2,0,155,,710,58,,,0,224,,712,58,,,0,101,,713,58,,,0,126,,714,58,,,0,90,,711,58,,,0,153,,715,58,0,7 8,0,38,,716,58,,,0
9000,'4822',644,,878,36,,,0,158,,888,36,,,0,105,,879,36,,,0,110,,891,36,,,0,10,,890,36,,,0,95,,883,36,,,0,120,,889,36,,,0,90,,880,36,,,0,118,,886,36,,,0,50,,893,36,,,0,57,,881,36,,,0,65,,894,36,,,0,90,,892,36,,,0,10,,885,36,,,0,110,,884,36,,,0,105,,887,36,,,0,119,,882,36,,,0
9000,'4826',644,,895,36,,,0,158,,905,36,,,0,105,,896,36,,,0,110,,908,36,,,0,10,,907,36,,,0,95,,900,36,,,0,110,,909,36,,,0,11,,906,36,,,0,89,,897,36,,,0,168,,903,36,,,0,56,,898,36,,,0,156,,910,36,,,0,10,,902,36,,,0,108,,901,36,,,0,107,,904,36,,,0,119,,899,36,,,0
9000,'4967',1242,,912,36,,,0,190,,911,36,,,0
9000,'5315',544,,561,36,,,0,68,,585,36,,,0,35,,569,36,,,0,63,,570,36,,,0,29,,562,36,,,0,67,,571,36,,,0,27,,586,36,,,0,26,,584,36,,,0,70,,572,36,,,0,28,,573,36,,,0,70,,563,36,,,0,32,,574,36,,,0,70,,582,36,,,0,77,,564,36,,,0,36,,591,36,,,0,65,,587,36,,,0,22,,575,36,,,0,30,,583,36,,,0,73,,590,36,,,0,70,,565,36,,,0,27,,576,36,,,0,72,,577,36,,,0,19,,581,36,,,0,32,,578,36,,,0,69,,588,36,,,0,29,,566,36,,,0,92,,589,36,,,0,94,,579,36,,,0,75,,568,36,,,0,91,,580,36,,,0,54,,567,36,,,0
9000,'5316',544,,913,36,,,0,68,,937,36,,,0,35,,921,36,,,0,63,,922,36,,,0,29,,914,36,,,0,67,,923,36,,,0,27,,938,36,,,0,26,,936,36,,,0,70,,924,36,,,0,28,,925,36,,,0,70,,915,36,,,0,32,,926,36,,,0,70,,934,36,,,0,77,,916,36,,,0,101,,939,36,,,0,22,,927,36,,,0,30,,935,36,,,0,143,,917,36,,,0,27,,928,36,,,0,72,,929,36,,,0,19,,933,36,,,0,32,,930,36,,,0,69,,940,36,,,0,29,,918,36,,,0,92,,941,36,,,0,94,,931,36,,,0,75,,920,36,,,0,91,,932,36,,,0,54,,919,36,,,0
9000,'5317',1242,,943,36,,,0,190,,942,36,,,0
