101,'4706',628,,45,11,,,0,82,,49,11,,,0,134,,46,11,,,0,114,,47,11,,,0,150,,48,11,,,0,100,,50,11,,,0,115,,52,11,,,0,116,,51,11,,,0,99,,36,11,,,0,96,,37,11,,,0,124,,38,11,,,0,165,,39,11,,,0,100,,40,11,,,0,115,,41,11,,,0,100,,42,11,,,0,201,,44,11,,,0
101,'5009',613,,53,11,,,0,231,,57,11,,,0,260,,59,11,,,0,219,,58,11,,,0,215,,60,11,,,0,220,,61,11,,,0,165,,56,11,,,0,215,,55,11,,,0,300,,54,11,,,0
101,'5010',613,,62,11,,,0,231,,66,11,,,0,260,,68,11,,,0,219,,67,11,,,0,215,,69,11,,,0,220,,70,11,,,0,165,,65,11,,,0,215,,64,11,,,0,300,,63,11,,,0
101,'5106',628,,391,11,,,0,82,,395,11,,,0,134,,392,11,,,0,114,,393,11,,,0,145,,394,11,,,0,105,,396,11,,,0,115,,398,11,,,0,116,,397,11,,,0,99,,382,11,,,0,121,,383,11,,,0,99,,384,11,,,0,160,,385,11,,,0,100,,386,11,,,0,120,,387,11,,,0,100,,388,11,,,0,201,,390,11,,,0
101,'5109',613,,399,11,,,0,231,,403,11,,,0,260,,405,11,,,0,220,,404,11,,,0,215,,406,11,,,0,220,,407,11,,,0,165,,402,11,,,0,215,,401,11,,,0,95,,408,11,,,0,205,,400,11,,,0
101,'5110',613,,409,11,,,0,231,,413,11,,,0,260,,415,11,,,0,220,,414,11,,,0,215,,416,11,,,0,220,,417,11,,,0,165,,412,11,,,0,215,,411,11,,,0,95,,418,11,,,0,205,,410,11,,,0
9001,'4706',635,,277,7,,,0,75,,278,7,,,0,33,,279,7,,,0,92,,271,7,,,0,65,,280,7,,,0,24,,281,7,,,0,33,,282,7,,,0,98,,273,7,,,0,150,,293,7,,,0,35,,284,7,,,0,105,,290,7,,,0,55,,286,7,,,0,32,,294,7,,,0,99,,272,7,,,0,99,,285,7,,,0,120,,288,7,,,0,70,,298,7,,,0,92,,276,7,,,0,133,,296,7,,,0,85,,289,7,,,0,100,,275,7,,,0
9001,'5009',717,,308,7,,,0,218,,307,7,,,0,380,,314,7,,,0,88,,339,7,,,0,217,,341,7,,,0,390,,304,7,,,0,120,,303,7,,,0
9001,'5010',717,,321,7,,,0,218,,320,7,,,0,380,,327,7,,,0,88,,342,7,,,0,217,,344,7,,,0,390,,317,7,,,0,120,,316,7,,,0
9001,'5106',635,,632,7,,,0,75,,633,7,,,0,33,,634,7,,,0,92,,626,7,,,0,65,,635,7,,,0,24,,636,7,,,0,33,,637,7,,,0,98,,628,7,,,0,150,,648,7,,,0,35,,639,7,,,0,105,,645,7,,,0,55,,641,7,,,0,32,,649,7,,,0,99,,627,7,,,0,99,,640,7,,,0,120,,643,7,,,0,70,,653,7,,,0,95,,631,7,,,0,130,,651,7,,,0,85,,644,7,,,0,100,,630,7,,,0
9001,'5109',717,,663,7,,,0,218,,662,7,,,0,380,,669,7,,,0,2,,672,7,,,0,88,,660,7,,,0,215,,664,7,,,0,390,,659,7,,,0,120,,658,7,,,0
9001,'5110',717,,679,7,,,0,218,,678,7,,,0,380,,685,7,,,0,90,,676,7,,,0,215,,680,7,,,0,30,,690,7,,,0,360,,675,7,,,0,120,,674,7,,,0
