9001,'4706',605,,270,6,,,0,208,,295,6,,,0,213,,292,6,,,0,109,,283,6,,,0,466,,287,6,,,0,100,,297,6,,,0,24,,291,6,,,0,285,,274,6,,,0
9001,'4707',1316,,299,6,,,0,191,,300,6,,,0
9001,'4890',1316,,301,6,,,0,191,,302,6,,,0
9001,'5009',835,,310,6,,,0,221,,315,6,,,0,98,,340,6,,,0,378,,311,6,,,0,219,,312,6,,,0,164,,313,6,,,0
9001,'5010',835,,323,6,,,0,221,,328,6,,,0,98,,343,6,,,0,378,,324,6,,,0,219,,325,6,,,0,164,,326,6,,,0
9001,'5106',605,,625,6,,,0,208,,650,6,,,0,213,,647,6,,,0,109,,638,6,,,0,466,,642,6,,,0,50,,652,6,,,0,74,,646,6,,,0,285,,629,6,,,0
9001,'5107',1316,,654,6,,,0,191,,655,6,,,0
9001,'5108',1316,,656,6,,,0,191,,657,6,,,0
9001,'5109',836,,665,6,,,0,220,,670,6,,,0,2,,671,6,,,0,98,,661,6,,,0,375,,666,6,,,0,220,,667,6,,,0,2,,673,6,,,0,162,,668,6,,,0
9001,'5110',836,,681,6,,,0,220,,686,6,,,0,2,,687,6,,,0,98,,677,6,,,0,375,,682,6,,,0,5,,689,6,,,0,215,,683,6,,,0,2,,688,6,,,0,162,,684,6,,,0
