9001,'4706',608,,270,9,,,0,208,,295,9,,,0,213,,292,9,,,0,109,,283,9,,,0,466,,287,9,,,0,100,,297,9,,,0,24,,291,9,,,0,285,,274,9,,,0
9001,'4707',1319,,299,9,,,0,191,,300,9,,,0
9001,'4890',1319,,301,9,,,0,191,,302,9,,,0
9001,'5009',838,,310,9,,,0,221,,315,9,,,0,98,,340,9,,,0,378,,311,9,,,0,219,,312,9,,,0,164,,313,9,,,0
9001,'5010',838,,323,9,,,0,221,,328,9,,,0,98,,343,9,,,0,378,,324,9,,,0,219,,325,9,,,0,164,,326,9,,,0
9001,'5106',608,,625,9,,,0,208,,650,9,,,0,213,,647,9,,,0,109,,638,9,,,0,466,,642,9,,,0,50,,652,9,,,0,74,,646,9,,,0,285,,629,9,,,0
9001,'5107',1319,,654,9,,,0,191,,655,9,,,0
9001,'5108',1319,,656,9,,,0,191,,657,9,,,0
9001,'5109',839,,665,9,,,0,220,,670,9,,,0,42,,671,9,,,0,58,,661,9,,,0,376,,666,9,,,0,219,,667,9,,,0,2,,673,9,,,0,162,,668,9,,,0
9001,'5110',839,,681,9,,,0,220,,686,9,,,0,42,,687,9,,,0,58,,677,9,,,0,376,,682,9,,,0,5,,689,9,,,0,214,,683,9,,,0,2,,688,9,,,0,162,,684,9,,,0
