101,'4532',658,,1047,75,,,0,273,,1051,75,,,0,224,,1053,75,,,0,260,,1052,75,,,0,212,,1054,75,,,0,215,,1055,75,,,0,163,,1050,75,,,0,220,,1049,75,,,0,95,,1056,75,,,0,202,,1048,75,,,0
101,'5106',713,,751,75,,,0,44,,755,81,,,0,175,,752,75,,,0,114,,753,75,,,0,105,,754,75,,,0,108,,756,81,,,0,154,,398,75,,,0,117,,397,81,,,0,97,,743,75,,,0,121,,744,81,,,0,96,,384,75,,,0,160,,745,75,,,0,100,,746,75,,,0,119,,747,75,,,0,99,,748,75,,,0,28,,749,55,,,0,173,,750,75,,,0
101,'5224',713,,1066,75,,,0,44,,1070,81,,,0,175,,1067,75,,,0,119,,1068,75,,,0,100,,1069,75,,,0,164,,1071,81,,,0,98,,1073,75,,,0,112,,1072,81,,,0,102,,1057,75,,,0,116,,1058,81,,,0,96,,1059,75,,,0,165,,1060,75,,,0,100,,1061,75,,,0,119,,1062,75,,,0,99,,1063,75,,,0,28,,1064,55,,,0,173,,1065,75,,,0
101,'5228',657,,1074,75,,,0,272,,1078,75,,,0,223,,1080,75,,,0,258,,1079,75,,,0,215,,1081,75,,,0,214,,1082,75,,,0,164,,1077,75,,,0,220,,1076,75,,,0,95,,1083,75,,,0,202,,1075,75,,,0
9001,'4532',742,,1290,38,,,0,159,,1292,35,,,0,121,,1289,38,,,0,99,,1297,35,,,0,2,,1299,35,,,0,118,,1288,35,,,0,103,,1296,38,,,0,2,,1300,38,,,0,78,,1291,38,,,0,134,,1293,35,,,0,155,,1298,38,,,0,98,,1294,35,,,0,2,,1301,35,,,0,121,,1295,35,,,0,102,,1287,38,,,0,120,,1286,38,,,0
9001,'5106',628,,979,35,,,0,31,,986,38,,,0,76,,987,38,,,0,75,,988,38,,,0,29,,1004,35,,,0,63,,980,38,,,0,25,,989,38,,,0,23,,990,38,,,0,72,,991,38,,,0,27,,1001,35,,,0,71,,982,38,,,0,38,,992,35,,,0,72,,1002,38,,,0,77,,993,38,,,0,35,,1008,35,,,0,72,,999,38,,,0,15,,995,38,,,0,72,,1003,38,,,0,35,,1009,35,,,0,65,,981,38,,,0,26,,996,35,,,0,31,,994,38,,,0,58,,1006,35,,,0,34,,1000,35,,,0,67,,997,38,,,0,30,,1007,38,,,0,95,,985,38,,,0,93,,983,35,,,0,77,,1005,38,,,0,45,,998,38,,,0,100,,984,38,,,0
9001,'5224',628,,1302,35,,,0,31,,1310,38,,,0,76,,1311,38,,,0,75,,1312,38,,,0,28,,1326,35,,,0,69,,1303,38,,,0,20,,1313,38,,,0,23,,1314,38,,,0,75,,1315,38,,,0,24,,1323,35,,,0,71,,1306,38,,,0,29,,1316,35,,,0,91,,1324,38,,,0,67,,1317,38,,,0,35,,1305,35,,,0,72,,1321,38,,,0,40,,1325,38,,,0,82,,1319,35,,,0,65,,1304,38,,,0,57,,1318,38,,,0,53,,1328,35,,,0,42,,1322,35,,,0,94,,1329,38,,,0,90,,1309,38,,,0,98,,1307,35,,,0,77,,1327,38,,,0,45,,1320,38,,,0,100,,1308,38,,,0
9001,'5225',1429,,1330,38,,,0,193,,1331,35,,,0,190,,1332,38,,,0
9001,'5226',1429,,1333,38,,,0,193,,1334,35,,,0,190,,1335,38,,,0
9001,'5228',742,,1341,38,,,0,117,,1342,35,,,0,162,,1340,38,,,0,99,,1347,35,,,0,2,,1349,35,,,0,118,,1339,35,,,0,103,,1346,38,,,0,80,,1338,38,,,0,134,,1343,35,,,0,2,,1350,35,,,0,152,,1348,38,,,0,99,,1344,35,,,0,2,,1351,35,,,0,122,,1345,35,,,0,102,,1337,38,,,0,120,,1336,38,,,0
