400,'4706',606,,187,17,,,0,124,,188,17,,,0,276,,189,17,,,0,220,,190,17,,,0,115,,191,17,,,0,410,,186,17,,,0,185,,185,17,,,0
400,'4707',1630,,193,17,,,0,617,,192,21,,,0
400,'4890',1630,,194,17,,,0
400,'5009',716,,202,17,,,0,241,,197,17,,,0,160,,196,17,,,0,209,,199,17,,,0,209,,198,17,,,0,224,,200,17,,,0,161,,201,17,,,0,306,,195,17,,,0
400,'5010',716,,210,17,,,0,241,,205,17,,,0,160,,204,17,,,0,209,,207,17,,,0,209,,206,17,,,0,224,,208,17,,,0,161,,209,17,,,0,306,,203,17,,,0
400,'5106',606,,535,17,,,0,124,,536,17,,,0,276,,537,17,,,0,220,,538,17,,,0,115,,539,17,,,0,410,,534,17,,,0,180,,533,17,,,0
400,'5107',1630,,540,17,,,0
400,'5108',1630,,542,17,,,0,617,,541,21,,,0
400,'5109',716,,550,17,,,0,241,,545,17,,,0,162,,544,17,,,0,207,,547,17,,,0,206,,546,17,,,0,224,,548,17,,,0,166,,549,17,,,0,302,,543,17,,,0
400,'5110',716,,558,17,,,0,242,,553,17,,,0,159,,552,17,,,0,206,,555,17,,,0,214,,554,17,,,0,222,,556,17,,,0,163,,557,17,,,0,302,,551,17,,,0
