101,'4706',624,,45,7,,,0,82,,49,7,,,0,134,,46,7,,,0,114,,47,7,,,0,150,,48,7,,,0,100,,50,7,,,0,115,,52,7,,,0,116,,51,7,,,0,99,,36,7,,,0,96,,37,7,,,0,124,,38,7,,,0,165,,39,7,,,0,100,,40,7,,,0,115,,41,7,,,0,100,,42,7,,,0,201,,44,7,,,0
101,'5009',609,,53,7,,,0,231,,57,7,,,0,260,,59,7,,,0,219,,58,7,,,0,215,,60,7,,,0,220,,61,7,,,0,165,,56,7,,,0,215,,55,7,,,0,300,,54,7,,,0
101,'5010',609,,62,7,,,0,231,,66,7,,,0,260,,68,7,,,0,219,,67,7,,,0,215,,69,7,,,0,220,,70,7,,,0,165,,65,7,,,0,215,,64,7,,,0,300,,63,7,,,0
101,'5106',624,,391,7,,,0,82,,395,7,,,0,134,,392,7,,,0,114,,393,7,,,0,105,,394,7,,,0,145,,396,7,,,0,115,,398,7,,,0,116,,397,7,,,0,99,,382,7,,,0,121,,383,7,,,0,99,,384,7,,,0,160,,385,7,,,0,100,,386,7,,,0,120,,387,7,,,0,100,,388,7,,,0,201,,390,7,,,0
101,'5109',610,,399,7,,,0,231,,403,7,,,0,260,,405,7,,,0,220,,404,7,,,0,214,,406,7,,,0,220,,407,7,,,0,165,,402,7,,,0,215,,401,7,,,0,95,,408,7,,,0,205,,400,7,,,0
101,'5110',610,,409,7,,,0,231,,413,7,,,0,260,,415,7,,,0,220,,414,7,,,0,214,,416,7,,,0,220,,417,7,,,0,165,,412,7,,,0,215,,411,7,,,0,95,,418,7,,,0,205,,410,7,,,0
9001,'4706',632,,277,3,,,0,75,,278,3,,,0,33,,279,3,,,0,92,,271,3,,,0,25,,280,3,,,0,64,,281,3,,,0,33,,282,3,,,0,98,,273,3,,,0,150,,293,3,,,0,35,,284,3,,,0,105,,290,3,,,0,15,,286,3,,,0,72,,294,3,,,0,98,,272,3,,,0,100,,285,3,,,0,120,,288,3,,,0,70,,298,3,,,0,92,,276,3,,,0,133,,296,3,,,0,85,,289,3,,,0,100,,275,3,,,0
9001,'5009',714,,308,3,,,0,218,,307,3,,,0,380,,314,3,,,0,88,,339,3,,,0,217,,341,3,,,0,390,,304,3,,,0,120,,303,3,,,0
9001,'5010',714,,321,3,,,0,218,,320,3,,,0,380,,327,3,,,0,88,,342,3,,,0,217,,344,3,,,0,390,,317,3,,,0,120,,316,3,,,0
9001,'5106',632,,632,3,,,0,75,,633,3,,,0,33,,634,3,,,0,92,,626,3,,,0,25,,635,3,,,0,64,,636,3,,,0,33,,637,3,,,0,98,,628,3,,,0,150,,648,3,,,0,35,,639,3,,,0,105,,645,3,,,0,15,,641,3,,,0,72,,649,3,,,0,98,,627,3,,,0,100,,640,3,,,0,120,,643,3,,,0,70,,653,3,,,0,95,,631,3,,,0,130,,651,3,,,0,85,,644,3,,,0,100,,630,3,,,0
9001,'5109',714,,663,3,,,0,218,,662,3,,,0,380,,669,3,,,0,2,,672,3,,,0,88,,660,3,,,0,215,,664,3,,,0,390,,659,3,,,0,120,,658,3,,,0
9001,'5110',714,,679,3,,,0,218,,678,3,,,0,380,,685,3,,,0,90,,676,3,,,0,215,,680,3,,,0,30,,690,3,,,0,360,,675,3,,,0,120,,674,3,,,0
