201,'4706',541,,81,16,,,0,168,,84,16,,,0,30,,76,16,,,0,81,,77,16,,,0,98,,75,16,,,0,206,,79,16,,,0,79,,80,16,,,0,43,,87,16,,,0,105,,82,16,,,0,103,,83,16,,,0,76,,74,16,,,0,199,,73,16,,,0,119,,71,16,,,0,180,,72,16,,,0,386,,88,16,,,0
201,'4707',1759,,91,16,,,0,460,,89,16,,,0,117,,90,16,,,0
201,'4890',1759,,92,16,,,0
201,'5009',606,,103,16,,,0,48,,106,16,,,0,168,,95,16,,,0,89,,97,16,,,0,117,,329,16,,,0,102,,110,16,,,0,94,,98,16,,,0,95,,99,16,,,0,124,,108,16,,,0,72,,330,16,,,0,122,,101,16,,,0,108,,109,16,,,0,102,,104,16,,,0,164,,105,16,,,0,92,,102,16,,,0,47,,93,16,,,0
201,'5010',606,,121,16,,,0,48,,124,16,,,0,168,,113,16,,,0,89,,115,16,,,0,117,,331,16,,,0,102,,128,16,,,0,94,,116,16,,,0,95,,117,16,,,0,124,,126,16,,,0,72,,332,16,,,0,122,,119,16,,,0,108,,127,16,,,0,102,,122,16,,,0,164,,123,16,,,0,92,,120,16,,,0,47,,111,16,,,0
201,'5106',541,,429,16,,,0,168,,432,16,,,0,30,,424,16,,,0,73,,425,16,,,0,106,,423,16,,,0,206,,427,16,,,0,79,,428,16,,,0,43,,435,16,,,0,105,,430,16,,,0,98,,431,16,,,0,76,,422,16,,,0,202,,421,16,,,0,116,,420,16,,,0,180,,419,16,,,0,391,,436,16,,,0
201,'5107',1759,,437,16,,,0
201,'5108',1759,,440,16,,,0,460,,438,16,,,0,117,,439,16,,,0
201,'5109',607,,451,16,,,0,47,,454,16,,,0,168,,443,16,,,0,89,,445,16,,,0,133,,444,16,,,0,86,,458,16,,,0,94,,446,16,,,0,95,,447,16,,,0,123,,456,16,,,0,69,,448,16,,,0,126,,449,16,,,0,107,,457,16,,,0,103,,452,16,,,0,172,,453,16,,,0,35,,450,16,,,0,96,,441,16,,,0
201,'5110',607,,469,16,,,0,47,,472,16,,,0,169,,461,16,,,0,92,,463,16,,,0,129,,462,16,,,0,83,,476,16,,,0,97,,464,16,,,0,102,,465,16,,,0,116,,474,16,,,0,72,,466,16,,,0,121,,467,16,,,0,113,,475,16,,,0,99,,470,16,,,0,173,,471,16,,,0,35,,468,16,,,0,98,,459,16,,,0
400,'4706',602,,187,9,,,0,124,,188,9,,,0,276,,189,9,,,0,220,,190,9,,,0,115,,191,9,,,0,410,,186,9,,,0,185,,185,9,,,0
400,'4707',1626,,193,9,,,0,617,,192,13,,,0
400,'4890',1626,,194,9,,,0
400,'5009',712,,202,9,,,0,241,,197,9,,,0,160,,196,9,,,0,209,,199,9,,,0,209,,198,9,,,0,224,,200,9,,,0,161,,201,9,,,0,306,,195,9,,,0
400,'5010',712,,210,9,,,0,241,,205,9,,,0,160,,204,9,,,0,209,,207,9,,,0,209,,206,9,,,0,224,,208,9,,,0,161,,209,9,,,0,306,,203,9,,,0
400,'5106',602,,535,9,,,0,124,,536,9,,,0,276,,537,9,,,0,220,,538,9,,,0,115,,539,9,,,0,410,,534,9,,,0,180,,533,9,,,0
400,'5107',1626,,540,9,,,0
400,'5108',1626,,542,9,,,0,617,,541,13,,,0
400,'5109',712,,550,9,,,0,241,,545,9,,,0,162,,544,9,,,0,207,,547,9,,,0,206,,546,9,,,0,224,,548,9,,,0,166,,549,9,,,0,302,,543,9,,,0
400,'5110',712,,558,9,,,0,242,,553,9,,,0,159,,552,9,,,0,206,,555,9,,,0,214,,554,9,,,0,222,,556,9,,,0,163,,557,9,,,0,302,,551,9,,,0
