400,'4706',634,,187,51,,,0,125,,188,51,,,0,275,,189,51,,,0,220,,190,51,,,0,155,,191,51,,,0,410,,186,51,,,0,185,,185,51,,,0
400,'4707',1657,,193,51,,,0,658,,192,55,,,0
400,'4890',1657,,194,51,,,0
400,'5009',747,,202,51,,,0,280,,197,51,,,0,120,,196,51,,,0,209,,199,51,,,0,251,,198,51,,,0,222,,200,51,,,0,121,,201,51,,,0,305,,195,51,,,0
400,'5010',747,,210,51,,,0,280,,205,51,,,0,120,,204,51,,,0,209,,207,51,,,0,251,,206,51,,,0,222,,208,51,,,0,121,,209,51,,,0,305,,203,51,,,0
400,'5106',634,,535,51,,,0,125,,536,51,,,0,275,,537,51,,,0,220,,538,51,,,0,155,,539,51,,,0,410,,534,51,,,0,140,,533,51,,,0
400,'5107',1657,,540,51,,,0
400,'5108',1657,,542,51,,,0,658,,541,55,,,0
400,'5109',745,,550,51,,,0,283,,545,51,,,0,122,,544,51,,,0,208,,547,51,,,0,245,,546,51,,,0,223,,548,51,,,0,125,,549,51,,,0,301,,543,51,,,0
400,'5110',745,,558,51,,,0,284,,553,51,,,0,119,,552,51,,,0,207,,555,51,,,0,253,,554,51,,,0,222,,556,51,,,0,121,,557,51,,,0,301,,551,51,,,0
