201,'4528',508,,1109,8,,,0,9,,1116,8,,,0,31,,1112,24,,,0,71,,1117,8,,,0,97,,1115,24,,,0,30,,1107,24,,,0,73,,1108,24,,,0,106,,1106,24,,,0,207,,1110,24,,,0,80,,1111,24,,,0,43,,1118,24,,,0,145,,1113,24,,,0,58,,1114,24,,,0,76,,1105,24,,,0,201,,1104,24,,,0,72,,1120,24,,,0,43,,1103,24,,,0,180,,1102,24,,,0
201,'4532',456,,1098,8,,,0,158,,1094,24,,,0,1,,1085,8,,,0,87,,1097,24,,,0,125,,1086,24,,,0,92,,1088,24,,,0,184,,1087,24,,,0,38,,1101,24,,,0,89,,1089,24,,,0,99,,1090,24,,,0,123,,1099,24,,,0,62,,1091,24,,,0,130,,1092,24,,,0,107,,1100,24,,,0,102,,1095,24,,,0,172,,1096,24,,,0,79,,1093,24,,,0,55,,1084,24,,,0
201,'5226',2226,,1121,24,,,0,115,,1122,24,,,0
201,'5228',456,,1137,8,,,0,157,,1133,24,,,0,2,,1124,8,,,0,85,,1136,24,,,0,127,,1125,24,,,0,91,,1127,24,,,0,183,,1126,24,,,0,36,,1140,24,,,0,91,,1128,24,,,0,82,,1129,24,,,0,136,,1138,24,,,0,75,,1130,24,,,0,124,,1131,24,,,0,100,,1139,24,,,0,109,,1134,24,,,0,167,,1135,24,,,0,84,,1132,24,,,0,95,,1123,24,,,0
301,'4528',700,,1183,14,0,9 10,0,140,,1184,14,0,9 10,0,302,,1177,14,0,9 10,0,178,,1182,14,0,9 10,0,123,,1181,14,0,9 10,0,259,,1178,14,0,9 10,0,35,,1180,14,0,9 10,0,189,,1179,14,0,9 10,0
301,'4532',636,,1172,14,0,9 10,0,188,,1175,14,0,9 10,0,115,,1176,14,0,9 10,0,170,,1169,14,0,9 10,0,147,,1171,14,0,9 10,0,257,,1170,14,0,9 10,0,201,,1168,14,0,9 10,0,141,,1174,14,0,9 10,0,280,,1173,14,0,9 10,0
301,'5226',2203,,1185,14,0,9 10,0
301,'5228',636,,1189,14,0,9 10,0,190,,1193,14,0,9 10,0,113,,1194,14,0,9 10,0,171,,1187,14,0,9 10,0,146,,1191,14,0,9 10,0,251,,1188,14,0,9 10,0,206,,1186,14,0,9 10,0,141,,1192,14,0,9 10,0,281,,1190,14,0,9 10,0
400,'4528',640,,1206,59,,,0,165,,1207,59,,,0,235,,1208,59,,,0,260,,1209,59,,,0,115,,1210,59,,,0,287,,1203,59,,,0,123,,1205,59,,,0,180,,1204,59,,,0
400,'4532',751,,1202,59,,,0,283,,1197,59,,,0,181,,1196,61,,,0,189,,1199,59,,,0,216,,1198,61,,,0,213,,1200,59,,,0,124,,1201,59,,,0,301,,1195,59,,,0
400,'5226',2321,,1211,63,,,0
400,'5228',751,,1219,59,,,0,284,,1214,59,,,0,123,,1213,61,,,0,242,,1216,59,,,0,222,,1215,61,,,0,208,,1217,59,,,0,127,,1218,59,,,0,301,,1212,59,,,0
