100,'4822',512,,691,18,,,0,221,,692,18,,,0,222,,693,18,,,0,250,,694,18,,,0,217,,695,18,,,0,224,,696,18,,,0,161,,697,18,,,0,222,,698,18,,,0,95,,700,18,,,0,205,,699,18,,,0
100,'4826',512,,701,18,,,0,221,,702,18,,,0,222,,703,18,,,0,250,,704,18,,,0,217,,705,18,,,0,224,,706,18,,,0,166,,707,18,,,0,217,,708,18,,,0,95,,371,18,,,0,205,,709,18,,,0
100,'5106',1206,,360,24,0,5 6 2,0,106,,346,18,,,0,334,,347,24,0,5 6 2,0
100,'5315',521,,355,18,,,0,81,,357,18,,,0,131,,354,18,,,0,99,,359,24,0,5 6 2,0,121,,356,18,,,0,105,,358,18,,,0,368,,361,24,0,5 6 2,0,115,,345,18,,,0,263,,349,18,,,0,103,,350,18,,,0,126,,351,18,,,0,90,,348,18,,,0,113,,352,18,0,7 8,0,79,,353,18,,,0
100,'5316',521,,718,18,,,0,81,,720,18,,,0,131,,717,18,,,0,99,,722,24,0,5 6 2,0,121,,719,18,,,0,105,,721,18,,,0,368,,723,24,0,5 6 2,0,115,,710,18,,,0,263,,712,18,,,0,103,,713,18,,,0,126,,714,18,,,0,90,,711,18,,,0,113,,715,18,0,7 8,0,79,,716,18,,,0
9000,'4822',631,,878,18,,,0,118,,888,18,,,0,103,,879,18,,,0,150,,891,18,,,0,10,,890,18,,,0,95,,883,18,,,0,120,,889,18,,,0,88,,880,18,,,0,118,,886,18,,,0,10,,893,18,,,0,97,,881,18,,,0,65,,894,18,,,0,50,,892,18,,,0,50,,885,18,,,0,111,,884,18,,,0,107,,887,18,,,0,119,,882,18,,,0
9000,'4826',631,,895,18,,,0,118,,905,18,,,0,103,,896,18,,,0,150,,908,18,,,0,10,,907,18,,,0,95,,900,18,,,0,110,,909,18,,,0,11,,906,18,,,0,87,,897,18,,,0,128,,903,18,,,0,96,,898,18,,,0,116,,910,18,,,0,50,,902,18,,,0,109,,901,18,,,0,109,,904,18,,,0,119,,899,18,,,0
9000,'4967',1227,,912,18,,,0,189,,911,18,,,0
9000,'5315',531,,561,18,,,0,28,,585,18,,,0,75,,569,18,,,0,22,,570,18,,,0,68,,562,18,,,0,27,,571,18,,,0,66,,586,18,,,0,26,,584,18,,,0,71,,572,18,,,0,29,,573,18,,,0,70,,563,18,,,0,32,,574,18,,,0,70,,582,18,,,0,37,,564,18,,,0,75,,591,18,,,0,25,,587,18,,,0,62,,575,18,,,0,29,,583,18,,,0,73,,590,18,,,0,30,,565,18,,,0,66,,576,18,,,0,32,,577,18,,,0,60,,581,18,,,0,32,,578,18,,,0,69,,588,18,,,0,30,,566,18,,,0,92,,589,18,,,0,95,,579,18,,,0,35,,568,18,,,0,92,,580,18,,,0,94,,567,18,,,0
9000,'5316',531,,913,18,,,0,28,,937,18,,,0,75,,921,18,,,0,22,,922,18,,,0,68,,914,18,,,0,27,,923,18,,,0,66,,938,18,,,0,26,,936,18,,,0,71,,924,18,,,0,29,,925,18,,,0,70,,915,18,,,0,32,,926,18,,,0,70,,934,18,,,0,37,,916,18,,,0,100,,939,18,,,0,62,,927,18,,,0,29,,935,18,,,0,103,,917,18,,,0,66,,928,18,,,0,32,,929,18,,,0,60,,933,18,,,0,32,,930,18,,,0,69,,940,18,,,0,30,,918,18,,,0,92,,941,18,,,0,95,,931,18,,,0,35,,920,18,,,0,92,,932,18,,,0,94,,919,18,,,0
9000,'5317',1227,,943,18,,,0,189,,942,18,,,0
