1,100,'4822',372,373,374,375,376,377,378,379,380,381
1,100,'4826',362,363,364,365,366,367,368,369,370,371
1,100,'5106',345,346,347,348,349,350,351,352,353,354,355,356,357,358,359,360,361
1,101,'4822',409,410,411,412,413,414,415,416,417,418
1,101,'4826',399,400,401,402,403,404,405,406,407,408
1,101,'5106',382,383,384,385,386,387,388,389,390,391,392,393,394,395,396,397,398
2,201,'4822',459,460,461,462,463,464,465,466,467,468,469,470,471,472,473,474,475,476
2,201,'4826',441,442,443,444,445,446,447,448,449,450,451,452,453,454,455,456,457,458
2,201,'4967',419,420,421
2,201,'5106',422,423,424,425,426,427,428,429,430,431,432,433,434,435,436,437,438,439
2,201,'5107',440
3,300,'4822',496,497,498,499,500,501,502,503,504
3,300,'4826',487,488,489,490,491,492,493,494,495
3,300,'4967',477,478
3,300,'5106',479,480,481,482,483,484,485
3,300,'5107',486
3,301,'4822',524,525,526,527,528,529,530,531,532
3,301,'4826',515,516,517,518,519,520,521,522,523
3,301,'4967',505,506
3,301,'5106',507,508,509,510,511,512,513
3,301,'5107',514
4,400,'4822',551,552,553,554,555,556,557,558
4,400,'4826',543,544,545,546,547,548,549,550
4,400,'4967',533,534
4,400,'5106',535,536,537,538,539,540,541
4,400,'5107',542
90,9000,'4822',608,609,610,611,612,613,614,615,616,617,618,619,620,621,622,623,624
90,9000,'4826',592,593,594,595,596,597,598,599,600,601,602,603,604,605,606,607
90,9000,'4967',559,560
90,9000,'5106',561,562,563,564,565,566,567,568,569,570,571,572,573,574,575,576,577,578,579,580,581,582,583,584,585,586,587,588,589
90,9000,'5107',590,591
90,9001,'4822',674,675,676,677,678,679,680,681,682,683,684,685,686,687,688,689,690
90,9001,'4826',658,659,660,661,662,663,664,665,666,667,668,669,670,671,672,673
90,9001,'4967',625,626
90,9001,'5106',627,628,629,630,631,632,633,634,635,636,637,638,639,640,641,642,643,644,645,646,647,648,649,650,651,652,653,654,655
90,9001,'5107',656,657
