101,'4532',657,,1047,74,,,0,273,,1051,74,,,0,224,,1053,74,,,0,260,,1052,74,,,0,212,,1054,74,,,0,215,,1055,74,,,0,163,,1050,74,,,0,220,,1049,74,,,0,95,,1056,74,,,0,203,,1048,74,,,0
101,'5106',712,,751,74,,,0,44,,755,80,,,0,175,,752,74,,,0,114,,753,74,,,0,105,,754,74,,,0,108,,756,80,,,0,154,,398,74,,,0,117,,397,80,,,0,97,,743,74,,,0,121,,744,80,,,0,96,,384,74,,,0,160,,745,74,,,0,100,,746,74,,,0,120,,747,74,,,0,99,,748,74,,,0,28,,749,54,,,0,173,,750,74,,,0
101,'5224',712,,1066,74,,,0,44,,1070,80,,,0,175,,1067,74,,,0,119,,1068,74,,,0,100,,1069,74,,,0,164,,1071,80,,,0,98,,1073,74,,,0,112,,1072,80,,,0,102,,1057,74,,,0,116,,1058,80,,,0,96,,1059,74,,,0,165,,1060,74,,,0,100,,1061,74,,,0,120,,1062,74,,,0,99,,1063,74,,,0,28,,1064,54,,,0,173,,1065,74,,,0
101,'5228',656,,1074,74,,,0,272,,1078,74,,,0,223,,1080,74,,,0,258,,1079,74,,,0,215,,1081,74,,,0,214,,1082,74,,,0,164,,1077,74,,,0,220,,1076,74,,,0,95,,1083,74,,,0,203,,1075,74,,,0
9001,'4532',741,,1290,37,,,0,159,,1292,34,,,0,121,,1289,37,,,0,99,,1297,34,,,0,2,,1299,34,,,0,118,,1288,34,,,0,103,,1296,37,,,0,2,,1300,37,,,0,78,,1291,37,,,0,134,,1293,34,,,0,155,,1298,37,,,0,98,,1294,34,,,0,2,,1301,34,,,0,121,,1295,34,,,0,102,,1287,37,,,0,120,,1286,37,,,0
9001,'5106',627,,979,34,,,0,31,,986,37,,,0,76,,987,37,,,0,75,,988,37,,,0,29,,1004,34,,,0,63,,980,37,,,0,25,,989,37,,,0,23,,990,37,,,0,72,,991,37,,,0,27,,1001,34,,,0,71,,982,37,,,0,38,,992,34,,,0,72,,1002,37,,,0,77,,993,37,,,0,35,,1008,34,,,0,72,,999,37,,,0,15,,995,37,,,0,72,,1003,37,,,0,35,,1009,34,,,0,65,,981,37,,,0,26,,996,34,,,0,31,,994,37,,,0,58,,1006,34,,,0,34,,1000,34,,,0,67,,997,37,,,0,30,,1007,37,,,0,95,,985,37,,,0,93,,983,34,,,0,77,,1005,37,,,0,45,,998,37,,,0,100,,984,37,,,0
9001,'5224',627,,1302,34,,,0,31,,1310,37,,,0,76,,1311,37,,,0,75,,1312,37,,,0,28,,1326,34,,,0,69,,1303,37,,,0,20,,1313,37,,,0,23,,1314,37,,,0,75,,1315,37,,,0,24,,1323,34,,,0,71,,1306,37,,,0,29,,1316,34,,,0,91,,1324,37,,,0,67,,1317,37,,,0,35,,1305,34,,,0,72,,1321,37,,,0,40,,1325,37,,,0,82,,1319,34,,,0,65,,1304,37,,,0,57,,1318,37,,,0,53,,1328,34,,,0,42,,1322,34,,,0,94,,1329,37,,,0,90,,1309,37,,,0,98,,1307,34,,,0,77,,1327,37,,,0,45,,1320,37,,,0,100,,1308,37,,,0
9001,'5225',1428,,1330,37,,,0,193,,1331,34,,,0,190,,1332,37,,,0
9001,'5226',1428,,1333,37,,,0,193,,1334,34,,,0,190,,1335,37,,,0
9001,'5228',741,,1341,37,,,0,117,,1342,34,,,0,162,,1340,37,,,0,99,,1347,34,,,0,2,,1349,34,,,0,118,,1339,34,,,0,103,,1346,37,,,0,80,,1338,37,,,0,134,,1343,34,,,0,2,,1350,34,,,0,152,,1348,37,,,0,99,,1344,34,,,0,2,,1351,34,,,0,122,,1345,34,,,0,102,,1337,37,,,0,120,,1336,37,,,0
