201,'4706',536,,81,10,,,0,168,,84,10,,,0,30,,76,10,,,0,81,,77,10,,,0,98,,75,10,,,0,206,,79,10,,,0,39,,80,10,,,0,83,,87,10,,,0,105,,82,10,,,0,103,,83,10,,,0,76,,74,10,,,0,199,,73,10,,,0,119,,71,10,,,0,180,,72,10,,,0,386,,88,10,,,0
201,'4707',1754,,91,10,,,0,460,,89,10,,,0,117,,90,10,,,0
201,'4890',1754,,92,10,,,0
201,'5009',601,,103,10,,,0,48,,106,10,,,0,168,,95,10,,,0,89,,97,10,,,0,117,,329,10,,,0,102,,110,10,,,0,94,,98,10,,,0,95,,99,10,,,0,124,,108,10,,,0,72,,330,10,,,0,122,,101,10,,,0,108,,109,10,,,0,102,,104,10,,,0,164,,105,10,,,0,52,,102,10,,,0,87,,93,10,,,0
201,'5010',601,,121,10,,,0,48,,124,10,,,0,168,,113,10,,,0,89,,115,10,,,0,117,,331,10,,,0,102,,128,10,,,0,94,,116,10,,,0,95,,117,10,,,0,124,,126,10,,,0,72,,332,10,,,0,122,,119,10,,,0,108,,127,10,,,0,102,,122,10,,,0,164,,123,10,,,0,52,,120,10,,,0,87,,111,10,,,0
201,'5106',536,,429,10,,,0,168,,432,10,,,0,30,,424,10,,,0,73,,425,10,,,0,106,,423,10,,,0,206,,427,10,,,0,39,,428,10,,,0,83,,435,10,,,0,105,,430,10,,,0,98,,431,10,,,0,76,,422,10,,,0,202,,421,10,,,0,116,,420,10,,,0,180,,419,10,,,0,391,,436,10,,,0
201,'5107',1754,,437,10,,,0
201,'5108',1754,,440,10,,,0,460,,438,10,,,0,117,,439,10,,,0
201,'5109',602,,451,10,,,0,47,,454,10,,,0,168,,443,10,,,0,89,,445,10,,,0,133,,444,10,,,0,86,,458,10,,,0,94,,446,10,,,0,95,,447,10,,,0,123,,456,10,,,0,69,,448,10,,,0,126,,449,10,,,0,107,,457,10,,,0,103,,452,10,,,0,172,,453,10,,,0,35,,450,10,,,0,96,,441,10,,,0
201,'5110',602,,469,10,,,0,47,,472,10,,,0,169,,461,10,,,0,92,,463,10,,,0,129,,462,10,,,0,83,,476,10,,,0,97,,464,10,,,0,102,,465,10,,,0,116,,474,10,,,0,72,,466,10,,,0,121,,467,10,,,0,113,,475,10,,,0,99,,470,10,,,0,173,,471,10,,,0,35,,468,10,,,0,98,,459,10,,,0
400,'4707',2240,,192,7,,,0
400,'5108',2240,,541,7,,,0
