100,'4532',550,,1010,80,,,0,263,,1011,80,,,0,224,,1012,80,,,0,211,,1013,80,,,0,259,,1014,80,,,0,220,,1015,80,,,0,125,,1016,80,,,0,255,,1017,80,,,0,95,,1019,80,,,0,206,,1018,80,,,0
100,'5106',559,,718,80,,,0,81,,720,80,,,0,174,,717,80,,,0,100,,722,86,0,5 6 2,0,120,,719,80,,,0,105,,721,80,,,0,110,,360,86,0,5 6 2,0,105,,346,80,,,0,155,,723,86,0,5 6 2,0,114,,710,80,,,0,106,,347,86,0,5 6 2,0,118,,712,80,,,0,100,,713,80,,,0,166,,714,80,,,0,90,,711,80,,,0,151,,716,80,,,0
100,'5224',559,,1030,80,,,0,81,,1032,80,,,0,174,,1029,80,,,0,100,,1034,86,0,5 6 2,0,120,,1031,80,,,0,105,,1033,80,,,0,110,,1035,86,0,5 6 2,0,105,,1021,80,,,0,155,,1036,86,0,5 6 2,0,114,,1020,80,,,0,106,,1022,86,0,5 6 2,0,113,,1024,80,,,0,105,,1025,80,,,0,166,,1026,80,,,0,90,,1023,80,,,0,151,,1028,80,,,0
100,'5228',550,,1037,80,,,0,264,,1038,80,,,0,224,,1039,80,,,0,210,,1040,80,,,0,260,,1041,80,,,0,220,,1042,80,,,0,115,,1043,80,,,0,265,,1044,80,,,0,95,,1046,80,,,0,205,,1045,80,,,0
9000,'4532',651,,1220,46,,,0,163,,1230,46,,,0,210,,1233,46,,,0,10,,1232,46,,,0,115,,1225,46,,,0,90,,1234,46,,,0,10,,1231,46,,,0,259,,1228,46,,,0,335,,1226,46,,,0,260,,1224,46,,,0
9000,'5106',619,,937,46,,,0,98,,922,46,,,0,29,,914,46,,,0,160,,936,46,,,0,30,,924,46,,,0,170,,926,46,,,0,30,,934,46,,,0,179,,939,46,,,0,22,,927,46,,,0,70,,935,46,,,0,130,,928,46,,,0,91,,933,46,,,0,72,,930,46,,,0,58,,918,46,,,0,185,,931,46,,,0,75,,920,46,,,0,185,,919,46,,,0
9000,'5224',619,,1260,46,,,0,98,,1245,46,,,0,28,,1237,46,,,0,161,,1259,46,,,0,26,,1247,46,,,0,174,,1249,46,,,0,41,,1257,46,,,0,168,,1262,46,,,0,92,,1258,46,,,0,221,,1256,46,,,0,72,,1252,46,,,0,58,,1241,46,,,0,185,,1253,46,,,0,75,,1243,46,,,0,185,,1242,46,,,0
9000,'5225',1337,,1264,46,,,0,200,,1265,46,,,0
9000,'5226',1337,,1267,46,,,0,200,,1268,46,,,0
9000,'5228',651,,1270,46,,,0,163,,1278,46,,,0,210,,1285,46,,,0,10,,1280,46,,,0,115,,1274,46,,,0,99,,1279,46,,,0,210,,1284,46,,,0,50,,1281,46,,,0,335,,1275,46,,,0,261,,1273,46,,,0
