400,'4706',604,,187,14,,,0,124,,188,14,,,0,276,,189,14,,,0,220,,190,14,,,0,115,,191,14,,,0,410,,186,14,,,0,185,,185,14,,,0
400,'4707',1628,,193,14,,,0,617,,192,18,,,0
400,'4890',1628,,194,14,,,0
400,'5009',714,,202,14,,,0,241,,197,14,,,0,160,,196,14,,,0,209,,199,14,,,0,209,,198,14,,,0,224,,200,14,,,0,161,,201,14,,,0,306,,195,14,,,0
400,'5010',714,,210,14,,,0,241,,205,14,,,0,160,,204,14,,,0,209,,207,14,,,0,209,,206,14,,,0,224,,208,14,,,0,161,,209,14,,,0,306,,203,14,,,0
400,'5106',604,,535,14,,,0,124,,536,14,,,0,276,,537,14,,,0,220,,538,14,,,0,115,,539,14,,,0,410,,534,14,,,0,180,,533,14,,,0
400,'5107',1628,,540,14,,,0
400,'5108',1628,,542,14,,,0,617,,541,18,,,0
400,'5109',714,,550,14,,,0,241,,545,14,,,0,162,,544,14,,,0,207,,547,14,,,0,206,,546,14,,,0,224,,548,14,,,0,166,,549,14,,,0,302,,543,14,,,0
400,'5110',714,,558,14,,,0,242,,553,14,,,0,159,,552,14,,,0,206,,555,14,,,0,214,,554,14,,,0,222,,556,14,,,0,163,,557,14,,,0,302,,551,14,,,0
