100,170101,1,0
100,170102,2,0
100,170103,3,0
100,170104,4,0
100,170105,5,0
100,170106,6,0
100,170107,7,0
100,170108,8,0
100,170109,9,0
100,170110,10,0
100,170111,11,0
100,170112,12,0
100,170113,13,0
100,170114,14,0
100,170077,15,0
100,170078,16,0
100,170326,17,0
100,170080,18,0
100,170082,19,0
100,170115,20,0
100,170083,21,0
100,170084,22,0
100,170323,23,0
100,118013,24,0
100,170324,25,0
100,170089,26,0
100,170117,27,0
100,170118,28,0
100,170119,29,0
100,170131,30,0
100,170321,31,0
100,170132,32,0
100,170134,33,0
100,170135,34,0
100,170136,35,0
100,170137,36,0
100,170138,37,0
100,170139,38,0
100,170140,39,0
100,170142,40,0
100,170144,41,0
100,170145,42,0
100,170147,43,0
100,170148,44,0
100,170149,45,0
100,170151,46,0
100,170327,47,0
100,170152,48,0
100,170328,49,0
100,170154,50,0
100,170155,51,0
100,170156,52,0
100,170157,53,0
100,170158,54,0
100,170159,55,0
100,170160,56,0
100,170040,57,0
100,170162,58,0
100,170163,59,0
100,170164,60,0
100,170165,61,0
100,170166,62,0
100,170167,63,0
100,170168,64,0
100,170169,65,0
100,170170,66,0
100,170171,67,0
100,170172,68,0
100,170174,69,0
100,170175,70,0
100,170176,71,0
100,170177,72,0
100,170178,73,0
100,170320,74,0
100,170180,75,0
100,170181,76,0
100,170182,77,0
100,170183,78,0
100,170185,79,0
100,170186,80,0
100,170187,81,0
100,170189,82,0
100,170330,83,0
100,170011,84,0
100,118010,85,0
100,170003,86,1
101,170003,1,0
101,170001,2,0
101,118007,3,0
101,118012,4,0
101,170016,5,0
101,170017,6,0
101,170018,7,0
101,170019,8,0
101,170020,9,0
101,170022,10,0
101,170023,11,0
101,170024,12,0
101,170025,13,0
101,170026,14,0
101,170027,15,0
101,170028,16,0
101,170029,17,0
101,170030,18,0
101,170031,19,0
101,170329,20,0
101,170032,21,0
101,170033,22,0
101,170034,23,0
101,170035,24,0
101,170036,25,0
101,170037,26,0
101,170038,27,0
101,170039,28,0
101,170041,29,0
101,170042,30,0
101,170043,31,0
101,170044,32,0
101,170045,33,0
101,170046,34,0
101,170047,35,0
101,170153,36,0
101,170048,37,0
101,170049,38,0
101,170050,39,0
101,170051,40,0
101,170052,41,0
101,170053,42,0
101,170054,43,0
101,170055,44,0
101,170056,45,0
101,170057,46,0
101,170058,47,0
101,170059,48,0
101,170060,49,0
101,170062,50,0
101,170063,51,0
101,170064,52,0
101,170319,53,0
101,170065,54,0
101,170066,55,0
101,170068,56,0
101,170070,57,0
101,170071,58,0
101,170072,59,0
101,170073,60,0
101,170074,61,0
101,170075,62,0
101,170325,63,0
101,170077,64,0
101,170078,65,0
101,170326,66,0
101,170080,67,0
101,170082,68,0
101,170115,69,0
101,170083,70,0
101,170084,71,0
101,170323,72,0
101,118013,73,0
101,170324,74,0
101,170089,75,0
101,170090,76,0
101,170091,77,0
101,170092,78,0
101,170094,79,0
101,170095,80,0
101,170096,81,0
101,170097,82,0
101,170098,83,0
101,170099,84,0
101,118014,85,0
101,170100,86,0
101,170101,87,1
201,170006,1,0
201,170000,2,0
201,170219,3,0
201,170222,4,0
201,170223,5,0
201,118000,6,0
201,118001,7,0
201,118002,8,0
201,118030,9,0
201,118003,10,0
201,118004,11,0
201,170226,12,0
201,170227,13,0
201,170335,14,1
202,170335,1,0
202,170228,2,0
202,170230,3,0
202,170232,4,0
202,170234,5,0
202,170236,6,0
202,170221,7,0
202,170006,8,1
303,170006,1,0
303,170237,2,0
303,170238,3,0
303,170239,4,0
303,170243,5,0
303,170244,6,0
303,170245,7,0
303,170246,8,0
303,170247,9,0
303,170249,10,0
303,118011,11,0
303,170251,12,0
303,170252,13,0
303,118017,14,1
304,118017,1,0
304,170265,2,0
304,170266,3,0
304,170267,4,0
304,170268,5,0
304,170241,6,0
304,170240,7,0
304,170269,8,0
304,170331,9,0
304,170011,10,0
304,170006,11,1
401,170999,1,0
401,118016,2,0
401,170311,3,0
401,170312,4,0
401,170314,5,0
401,170315,6,0
401,170316,7,0
401,170317,8,0
401,170318,9,0
401,170232,10,0
401,170234,11,0
401,170236,12,0
401,170221,13,0
401,170006,14,1
402,170006,1,0
402,170001,2,0
402,170219,3,0
402,170222,4,0
402,170223,5,0
402,118000,6,0
402,118001,7,0
402,118002,8,0
402,118030,9,0
402,118003,10,0
402,118004,11,0
402,170224,12,0
402,170225,13,0
402,170226,14,0
402,170227,15,0
402,170335,16,0
402,170228,17,0
402,170230,18,0
402,170278,19,0
402,170279,20,0
402,170280,21,0
402,170282,22,0
402,170283,23,0
402,170284,24,0
402,170285,25,0
402,170286,26,0
402,170287,27,0
402,170288,28,0
402,170289,29,0
402,170290,30,0
402,170291,31,0
402,170292,32,0
402,170293,33,0
402,170294,34,0
402,170295,35,0
402,170296,36,0
402,170297,37,0
402,170300,38,0
402,170301,39,0
402,170302,40,0
402,170303,41,0
402,170304,42,0
402,170305,43,0
402,170306,44,0
402,170307,45,0
402,170308,46,0
402,170999,47,1
9000,170101,1,0
9000,170106,2,0
9000,118025,3,0
9000,118026,4,0
9000,118027,5,0
9000,118015,6,0
9000,118028,7,0
9000,118029,8,0
9000,170128,9,0
9000,170107,10,0
9000,170108,11,0
9000,170109,12,0
9000,170110,13,0
9000,170111,14,0
9000,170112,15,0
9000,170113,16,0
9000,170114,17,0
9000,170083,18,0
9000,170084,19,0
9000,170323,20,0
9000,118013,21,0
9000,170324,22,0
9000,170089,23,0
9000,170117,24,0
9000,170118,25,0
9000,170119,26,0
9000,170131,27,0
9000,170321,28,0
9000,170132,29,0
9000,170143,30,0
9000,170144,31,0
9000,170145,32,0
9000,170206,33,0
9000,170207,34,0
9000,170208,35,0
9000,170210,36,0
9000,170213,37,0
9000,170214,38,0
9000,170216,39,0
9000,170217,40,0
9000,170218,41,0
9000,170169,42,0
9000,170170,43,0
9000,170171,44,0
9000,170172,45,0
9000,170174,46,0
9000,170175,47,0
9000,170176,48,0
9000,170177,49,0
9000,170178,50,0
9000,170320,51,0
9000,170180,52,0
9000,170181,53,0
9000,170182,54,0
9000,170183,55,0
9000,170185,56,0
9000,170186,57,0
9000,170187,58,0
9000,170189,59,0
9000,170330,60,0
9000,170011,61,0
9000,118010,62,0
9000,170003,63,1
9001,170003,1,0
9001,170001,2,0
9001,118007,3,0
9001,118012,4,0
9001,170016,5,0
9001,170017,6,0
9001,170018,7,0
9001,170019,8,0
9001,170020,9,0
9001,170022,10,0
9001,170023,11,0
9001,170024,12,0
9001,170025,13,0
9001,170026,14,0
9001,170027,15,0
9001,170028,16,0
9001,170029,17,0
9001,170030,18,0
9001,170031,19,0
9001,170329,20,0
9001,170196,21,0
9001,170197,22,0
9001,170198,23,0
9001,170199,24,0
9001,170200,25,0
9001,170201,26,0
9001,170202,27,0
9001,170203,28,0
9001,170204,29,0
9001,170205,30,0
9001,170055,31,0
9001,170056,32,0
9001,170057,33,0
9001,170058,34,0
9001,170068,35,0
9001,170070,36,0
9001,170071,37,0
9001,170072,38,0
9001,170073,39,0
9001,170074,40,0
9001,170075,41,0
9001,170325,42,0
9001,170090,43,0
9001,170091,44,0
9001,170092,45,0
9001,170094,46,0
9001,170095,47,0
9001,170096,48,0
9001,170097,49,0
9001,170098,50,0
9001,170120,51,0
9001,170322,52,0
9001,170123,53,0
9001,118020,54,0
9001,118021,55,0
9001,118022,56,0
9001,118023,57,0
9001,170099,58,0
9001,118014,59,0
9001,170100,60,0
9001,170101,61,0
9001,170077,62,0
9001,170078,63,0
9001,170326,64,0
9001,170080,65,0
9001,170082,66,0
9001,170115,67,0
9001,170083,68,1
